shape_id,shape_pt_lat,shape_pt_lon,shape_pt_sequence
1_1_shp,35.0480864,128.9662322,0
1_1_shp,35.0477326,128.9673958,1
1_1_shp,35.0476528,128.9677632,2
1_1_shp,35.0476275,128.9681098,3
1_1_shp,35.0476654,128.9685593,4
1_1_shp,35.0477514,128.9689236,5
1_1_shp,35.0479,128.9692565,6
1_1_shp,35.0480575,128.969439,7
1_1_shp,35.0482294,128.96959,8
1_1_shp,35.0484139,128.969681,9
1_1_shp,35.0486018,128.9697652,10
1_1_shp,35.0512627,128.970702,11
1_1_shp,35.0520098,128.9709839,12
1_1_shp,35.052274,128.9710228,13
1_1_shp,35.0525662,128.9710331,14
1_1_shp,35.0528707,128.970994,15
1_1_shp,35.0539165,128.9707911,16
1_1_shp,35.055437,128.9704999,17
1_1_shp,35.0557548,128.9704844,18
1_1_shp,35.0561032,128.9705152,19
1_1_shp,35.056443,128.9706178,20
1_1_shp,35.0569646,128.9709261,21
1_1_shp,35.0578882,128.9714361,22
1_1_shp,35.0585342,128.9717929,23
1_1_shp,35.058942,128.9720433,24
1_1_shp,35.0592353,128.9724636,25
1_1_shp,35.0594284,128.9728512,26
1_1_shp,35.0596211,128.9733729,27
1_1_shp,35.0597937,128.9739015,28
1_1_shp,35.0600791,128.9742676,29
1_1_shp,35.0605082,128.9746199,30
1_1_shp,35.0608357,128.9749421,31
1_1_shp,35.0611119,128.9753647,32
1_1_shp,35.0613715,128.9758605,33
1_1_shp,35.0620035,128.9772016,34
1_1_shp,35.0628418,128.9783384,35
1_1_shp,35.0630763,128.9791718,36
1_1_shp,35.0632394,128.9794285,37
1_1_shp,35.0634807,128.9795573,38
1_1_shp,35.0637597,128.9795803,39
1_1_shp,35.064285,128.9795722,40
1_1_shp,35.0645662,128.9795894,41
1_1_shp,35.0649489,128.9796708,42
1_1_shp,35.0654404,128.9797852,43
1_1_shp,35.0654549,128.9797885,44
1_1_shp,35.0661871,128.9799589,45
1_1_shp,35.0665502,128.9799523,46
1_1_shp,35.0669172,128.9798431,47
1_1_shp,35.0672737,128.9796106,48
1_1_shp,35.0675605,128.9793278,49
1_1_shp,35.0680732,128.9788118,50
1_1_shp,35.0684862,128.9784163,51
1_1_shp,35.0689808,128.9780488,52
1_1_shp,35.0694155,128.977818,53
1_1_shp,35.0727552,128.9766405,54
1_1_shp,35.0731135,128.9765957,55
1_1_shp,35.073489,128.9766345,56
1_1_shp,35.0738716,128.9767183,57
1_1_shp,35.0746268,128.9768508,58
1_1_shp,35.0779931,128.9774413,59
1_1_shp,35.0785025,128.9774801,60
1_1_shp,35.0790944,128.9774692,61
1_1_shp,35.0805621,128.9773569,62
1_1_shp,35.0806395,128.9773698,63
1_1_shp,35.0819349,128.9773868,64
1_1_shp,35.0821966,128.9773723,65
1_1_shp,35.0851233,128.9775297,66
1_1_shp,35.0892323,128.9777925,67
1_1_shp,35.0893656,128.9777756,68
1_1_shp,35.0894925,128.9776814,69
1_1_shp,35.0895658,128.9774662,70
1_1_shp,35.0897214,128.974734,71
1_1_shp,35.0897855,128.9734415,72
1_1_shp,35.0898458,128.9722262,73
1_1_shp,35.0900538,128.9660648,74
1_1_shp,35.0900443,128.9651344,75
1_1_shp,35.090074,128.9624421,76
1_1_shp,35.0903324,128.9617093,77
1_1_shp,35.090751,128.9611297,78
1_1_shp,35.0912409,128.9608401,79
1_1_shp,35.091655,128.9607703,80
1_1_shp,35.0922674,128.9607322,81
1_1_shp,35.0925123,128.9607246,82
1_1_shp,35.0925834,128.9607161,83
1_1_shp,35.0930364,128.9606948,84
1_1_shp,35.0935273,128.9606983,85
1_1_shp,35.0936652,128.9606944,86
1_1_shp,35.0938014,128.9606921,87
1_1_shp,35.0939697,128.9606859,88
1_1_shp,35.0941267,128.9606826,89
1_1_shp,35.0944768,128.9606754,90
1_1_shp,35.094938,128.960669,91
1_1_shp,35.0959648,128.9606546,92
1_1_shp,35.0967532,128.9606312,93
1_1_shp,35.0975998,128.9606466,94
1_1_shp,35.0982817,128.9606613,95
1_1_shp,35.0983152,128.960662,96
1_1_shp,35.0990149,128.9606804,97
1_1_shp,35.1002876,128.9606786,98
1_1_shp,35.1018495,128.9607274,99
1_1_shp,35.1024349,128.9607664,100
1_1_shp,35.103289,128.9608933,101
1_1_shp,35.104332,128.9610884,102
1_1_shp,35.1044013,128.9611014,103
1_1_shp,35.1048509,128.9613323,104
1_1_shp,35.1054336,128.9617064,105
1_1_shp,35.1058886,128.9621812,106
1_1_shp,35.1061441,128.9625715,107
1_1_shp,35.1062492,128.9630496,108
1_1_shp,35.1062904,128.9635277,109
1_1_shp,35.1062851,128.9653848,110
1_1_shp,35.1063489,128.9671151,111
1_1_shp,35.1063143,128.9681786,112
1_1_shp,35.1061893,128.9685038,113
1_1_shp,35.1059551,128.9687055,114
1_1_shp,35.1051968,128.9694568,115
1_1_shp,35.1048264,128.9702978,116
1_1_shp,35.1039879,128.9727725,117
1_1_shp,35.1032559,128.9750489,118
1_1_shp,35.1026768,128.9766684,119
1_1_shp,35.1021904,128.9775518,120
1_1_shp,35.1012221,128.979092,121
1_1_shp,35.1006198,128.9800094,122
1_1_shp,35.1004345,128.98057,123
1_1_shp,35.1001912,128.9817073,124
1_1_shp,35.0998749,128.98326,125
1_1_shp,35.0991455,128.9869126,126
1_1_shp,35.0993247,128.9899437,127
1_1_shp,35.099694,128.9915206,128
1_1_shp,35.1002548,128.9934471,129
1_1_shp,35.1004167,128.9942441,130
1_1_shp,35.1007362,128.9950466,131
1_1_shp,35.1015681,128.99677,132
1_1_shp,35.1028704,128.9992555,133
1_1_shp,35.1032306,128.9999733,134
1_1_shp,35.1037522,129.0008659,135
1_1_shp,35.1058072,129.0041451,136
1_1_shp,35.108354,129.0086134,137
1_1_shp,35.1098107,129.0101812,138
1_1_shp,35.1106627,129.0112227,139
1_1_shp,35.1115971,129.0136416,140
1_1_shp,35.1120185,129.0151983,141
1_1_shp,35.1118811,129.0162398,142
1_1_shp,35.1115696,129.0168109,143
1_1_shp,35.110979,129.0174865,144
1_1_shp,35.1103458,129.0178257,145
1_1_shp,35.109462,129.0182992,146
1_1_shp,35.1092323,129.0185357,147
1_1_shp,35.1078421,129.0202128,148
1_1_shp,35.1075339,129.0203458,149
1_1_shp,35.105231,129.020235,150
1_1_shp,35.1020697,129.0199986,151
1_1_shp,35.1007619,129.0198883,152
1_1_shp,35.0996155,129.0197917,153
1_1_shp,35.0990231,129.0199838,154
1_1_shp,35.098201,129.0206044,155
1_1_shp,35.0969074,129.0221855,156
1_1_shp,35.0966475,129.0228062,157
1_1_shp,35.0966051,129.0238849,158
1_1_shp,35.0972459,129.0261457,159
1_1_shp,35.0973844,129.0266779,160
1_1_shp,35.0983038,129.0302093,161
1_1_shp,35.0983824,129.0307191,162
1_1_shp,35.0978504,129.0328765,163
1_1_shp,35.0977356,129.0337705,164
1_1_shp,35.0978988,129.034502,165
1_1_shp,35.0981345,129.0354625,166
1_1_shp,35.0990171,129.036253,167
1_1_shp,35.0994705,129.0365264,168
1_1_shp,35.1015378,129.0364082,169
1_1_shp,35.1051947,129.0362161,170
1_1_shp,35.1067965,129.0361274,171
1_1_shp,35.1076364,129.036313,172
1_1_shp,35.1093235,129.0371023,173
1_1_shp,35.1132531,129.0387148,174
1_1_shp,35.1147805,129.0393683,175
1_1_shp,35.1156246,129.0398644,176
1_1_shp,35.1165855,129.0404292,177
1_1_shp,35.1239786,129.0443672,178
1_1_shp,35.1250337,129.0449188,179
1_1_shp,35.1301217,129.0500959,180
1_1_shp,35.1323676,129.0522973,181
1_1_shp,35.1350624,129.0549978,182
1_1_shp,35.1368563,129.0568209,183
1_1_shp,35.1377412,129.0583125,184
1_1_shp,35.1384033,129.0590317,185
1_1_shp,35.1388383,129.059246,186
1_1_shp,35.1393453,129.0593998,187
1_1_shp,35.1444269,129.0591795,188
1_1_shp,35.1479309,129.0591426,189
1_1_shp,35.1507642,129.0590909,190
1_1_shp,35.1547693,129.0590465,191
1_1_shp,35.1571554,129.0590317,192
1_1_shp,35.1580554,129.0593421,193
1_1_shp,35.1616313,129.0621349,194
1_1_shp,35.1644823,129.0642849,195
1_1_shp,35.165648,129.0652823,196
1_1_shp,35.1669828,129.066398,197
1_1_shp,35.1685712,129.0675432,198
1_1_shp,35.1695738,129.0683707,199
1_1_shp,35.1711683,129.0696489,200
1_1_shp,35.1740431,129.0719319,201
1_1_shp,35.1776666,129.0748133,202
1_1_shp,35.1789166,129.0757812,203
1_1_shp,35.1809578,129.0774362,204
1_1_shp,35.1855631,129.0811294,205
1_1_shp,35.1858937,129.0813585,206
1_1_shp,35.1863798,129.081417,207
1_1_shp,35.1874474,129.0811879,208
1_1_shp,35.1896783,129.0806371,209
1_1_shp,35.1921734,129.080002,210
1_1_shp,35.1932168,129.0798097,211
1_1_shp,35.1942335,129.0798141,212
1_1_shp,35.1945497,129.0798772,213
1_1_shp,35.1950199,129.0799309,214
1_1_shp,35.1957151,129.0799272,215
1_1_shp,35.196106,129.0799135,216
1_1_shp,35.1967608,129.0798186,217
1_1_shp,35.1973891,129.0796709,218
1_1_shp,35.2002924,129.0789531,219
1_1_shp,35.2017127,129.0786019,220
1_1_shp,35.2019787,129.0785439,221
1_1_shp,35.2021149,129.0785236,222
1_1_shp,35.2023371,129.0784878,223
1_1_shp,35.202558,129.0784643,224
1_1_shp,35.2027552,129.0784598,225
1_1_shp,35.2040225,129.0784666,226
1_1_shp,35.2047243,129.078461,227
1_1_shp,35.205308,129.0784539,228
1_1_shp,35.206495,129.0784395,229
1_1_shp,35.206547,129.078437,230
1_1_shp,35.2077122,129.0784329,231
1_1_shp,35.2092398,129.0784123,232
1_1_shp,35.2095565,129.0784194,233
1_1_shp,35.2100072,129.0784621,234
1_1_shp,35.2102094,129.078495,235
1_1_shp,35.2104022,129.0785345,236
1_1_shp,35.2106461,129.0786078,237
1_1_shp,35.2107914,129.0786525,238
1_1_shp,35.2109294,129.0786959,239
1_1_shp,35.2110992,129.0787618,240
1_1_shp,35.2113298,129.0788718,241
1_1_shp,35.2115395,129.0789706,242
1_1_shp,35.2118372,129.0791586,243
1_1_shp,35.2118819,129.0791962,244
1_1_shp,35.2124368,129.0795385,245
1_1_shp,35.2133606,129.0801657,246
1_1_shp,35.21337,129.0801541,247
1_1_shp,35.2142964,129.0807803,248
1_1_shp,35.2145326,129.0809596,249
1_1_shp,35.2146671,129.0810818,250
1_1_shp,35.2148674,129.0812684,251
1_1_shp,35.2150046,129.0814098,252
1_1_shp,35.2151354,129.0815548,253
1_1_shp,35.2152753,129.0817354,254
1_1_shp,35.2154286,129.0819497,255
1_1_shp,35.2156527,129.0822896,256
1_1_shp,35.2157256,129.082395,257
1_1_shp,35.2160453,129.0829259,258
1_1_shp,35.2161633,129.0830905,259
1_1_shp,35.2162529,129.0832021,260
1_1_shp,35.2164143,129.0833918,261
1_1_shp,35.2165817,129.0835596,262
1_1_shp,35.216803,129.0837495,263
1_1_shp,35.217007,129.0839085,264
1_1_shp,35.2175931,129.0843822,265
1_1_shp,35.2181101,129.0848193,266
1_1_shp,35.2184664,129.0851129,267
1_1_shp,35.2190946,129.0856001,268
1_1_shp,35.2193573,129.0857894,269
1_1_shp,35.2195553,129.0859136,270
1_1_shp,35.2200379,129.0861878,271
1_1_shp,35.2210603,129.0867687,272
1_1_shp,35.221114,129.0868009,273
1_1_shp,35.2221363,129.0873572,274
1_1_shp,35.2233906,129.0880387,275
1_1_shp,35.224431,129.0885397,276
1_1_shp,35.224639,129.0886325,277
1_1_shp,35.224864,129.0887118,278
1_1_shp,35.2251676,129.0888099,279
1_1_shp,35.2255036,129.0888967,280
1_1_shp,35.2256511,129.0889327,281
1_1_shp,35.2258352,129.0889625,282
1_1_shp,35.2260045,129.0889825,283
1_1_shp,35.2263238,129.0890235,284
1_1_shp,35.2269594,129.089111,285
1_1_shp,35.2275089,129.0891815,286
1_1_shp,35.2285005,129.089323,287
1_1_shp,35.2287186,129.0893428,288
1_1_shp,35.2292153,129.0893413,289
1_1_shp,35.2295702,129.0893327,290
1_1_shp,35.2296942,129.0893198,291
1_1_shp,35.2299734,129.0892812,292
1_1_shp,35.2301662,129.089264,293
1_1_shp,35.2304159,129.0892297,294
1_1_shp,35.2305781,129.089203,295
1_1_shp,35.230589,129.0891995,296
1_1_shp,35.2307934,129.0891657,297
1_1_shp,35.2311814,129.0891211,298
1_1_shp,35.2314346,129.0891029,299
1_1_shp,35.231571,129.0891068,300
1_1_shp,35.2317857,129.0891265,301
1_1_shp,35.2321185,129.0891655,302
1_1_shp,35.2325966,129.0892489,303
1_1_shp,35.2329493,129.0893105,304
1_1_shp,35.2333412,129.0893797,305
1_1_shp,35.2336014,129.0894252,306
1_1_shp,35.2338217,129.0894507,307
1_1_shp,35.2340062,129.0894525,308
1_1_shp,35.2341564,129.08945,309
1_1_shp,35.2343713,129.0894311,310
1_1_shp,35.2345749,129.0893982,311
1_1_shp,35.2348794,129.0893239,312
1_1_shp,35.2350333,129.0892675,313
1_1_shp,35.2360898,129.0888299,314
1_1_shp,35.2366492,129.0885895,315
1_1_shp,35.2368174,129.0885172,316
1_1_shp,35.2368544,129.0885013,317
1_1_shp,35.2368581,129.0884997,318
1_1_shp,35.2369562,129.0884576,319
1_1_shp,35.2372764,129.0883267,320
1_1_shp,35.237332,129.0883025,321
1_1_shp,35.2377509,129.0881654,322
1_1_shp,35.2379349,129.088131,323
1_1_shp,35.2380432,129.0881014,324
1_1_shp,35.2381233,129.0880795,325
1_1_shp,35.2384563,129.0880452,326
1_1_shp,35.2385895,129.0880538,327
1_1_shp,35.238706,129.0880538,328
1_1_shp,35.2387822,129.0880624,329
1_1_shp,35.2388384,129.0880673,330
1_1_shp,35.2388511,129.0880691,331
1_1_shp,35.2389099,129.0880759,332
1_1_shp,35.2398412,129.0881826,333
1_1_shp,35.2400246,129.0882104,334
1_1_shp,35.2402064,129.0882591,335
1_1_shp,35.2403593,129.0882977,336
1_1_shp,35.240505,129.0883408,337
1_1_shp,35.2406657,129.0884031,338
1_1_shp,35.2407783,129.0884569,339
1_1_shp,35.2409595,129.0885506,340
1_1_shp,35.2411536,129.0886721,341
1_1_shp,35.2413408,129.0888118,342
1_1_shp,35.2415178,129.088965,343
1_1_shp,35.2417142,129.0891442,344
1_1_shp,35.2418926,129.0893348,345
1_1_shp,35.2420814,129.0895437,346
1_1_shp,35.2422414,129.0897071,347
1_1_shp,35.2424162,129.0898999,348
1_1_shp,35.24254,129.09003,349
1_1_shp,35.2427207,129.0901999,350
1_1_shp,35.2428878,129.0903579,351
1_1_shp,35.2430263,129.090469,352
1_1_shp,35.2432566,129.0906194,353
1_1_shp,35.2434466,129.0907208,354
1_1_shp,35.2435998,129.0907887,355
1_1_shp,35.2437073,129.0908312,356
1_1_shp,35.2438167,129.0908742,357
1_1_shp,35.2439039,129.0909009,358
1_1_shp,35.2440198,129.0909334,359
1_1_shp,35.2441209,129.0909617,360
1_1_shp,35.244279,129.0909911,361
1_1_shp,35.2445753,129.0910271,362
1_1_shp,35.2458721,129.0911344,363
1_1_shp,35.246602,129.0912264,364
1_1_shp,35.2468777,129.0912488,365
1_1_shp,35.2480424,129.091343,366
1_1_shp,35.2502836,129.0914976,367
1_1_shp,35.2510394,129.0915634,368
1_1_shp,35.2521316,129.0916615,369
1_1_shp,35.2525683,129.0916923,370
1_1_shp,35.2528551,129.0917266,371
1_1_shp,35.2530156,129.0917335,372
1_1_shp,35.253373,129.0917523,373
1_1_shp,35.25361,129.0917517,374
1_1_shp,35.2538769,129.0917309,375
1_1_shp,35.2543117,129.0916655,376
1_1_shp,35.2548486,129.0915795,377
1_1_shp,35.2552901,129.0915286,378
1_1_shp,35.2559144,129.091446,379
1_1_shp,35.2563528,129.0913994,380
1_1_shp,35.2563956,129.0913977,381
1_1_shp,35.256863,129.091379,382
1_1_shp,35.2569231,129.0913766,383
1_1_shp,35.2569583,129.091377,384
1_1_shp,35.2569913,129.0913773,385
1_1_shp,35.2570657,129.0913781,386
1_1_shp,35.2600044,129.0914095,387
1_1_shp,35.2603812,129.0914178,388
1_1_shp,35.2605812,129.0914418,389
1_1_shp,35.2635149,129.0920894,390
1_1_shp,35.2652441,129.0924596,391
1_1_shp,35.2659966,129.0926504,392
1_1_shp,35.2664338,129.0927151,393
1_1_shp,35.2667568,129.0927672,394
1_1_shp,35.2671592,129.0927625,395
1_1_shp,35.2708793,129.0926904,396
1_1_shp,35.2731559,129.0926506,397
1_1_shp,35.2746517,129.0926282,398
1_1_shp,35.2749509,129.092649,399
1_1_shp,35.2753335,129.0927037,400
1_1_shp,35.2759106,129.0928242,401
1_1_shp,35.2763872,129.092935,402
1_1_shp,35.2771834,129.0931666,403
1_1_shp,35.2778563,129.0933623,404
1_1_shp,35.2799721,129.093855,405
1_1_shp,35.2804219,129.0939385,406
1_1_shp,35.2808372,129.0940524,407
1_1_shp,35.2812828,129.0941909,408
1_1_shp,35.2818133,129.0943631,409
1_1_shp,35.2826609,129.0946175,410
1_1_shp,35.2841976,129.0951591,411
1_0_shp,35.2841976,129.0951591,0
1_0_shp,35.2826609,129.0946175,1
1_0_shp,35.2818133,129.0943631,2
1_0_shp,35.2812828,129.0941909,3
1_0_shp,35.2808372,129.0940524,4
1_0_shp,35.2804219,129.0939385,5
1_0_shp,35.2799721,129.093855,6
1_0_shp,35.2778563,129.0933623,7
1_0_shp,35.2771834,129.0931666,8
1_0_shp,35.2763872,129.092935,9
1_0_shp,35.2759106,129.0928242,10
1_0_shp,35.2753335,129.0927037,11
1_0_shp,35.2749509,129.092649,12
1_0_shp,35.2746517,129.0926282,13
1_0_shp,35.2731559,129.0926506,14
1_0_shp,35.2708793,129.0926904,15
1_0_shp,35.2671592,129.0927625,16
1_0_shp,35.2667568,129.0927672,17
1_0_shp,35.2664338,129.0927151,18
1_0_shp,35.2659966,129.0926504,19
1_0_shp,35.2652441,129.0924596,20
1_0_shp,35.2635149,129.0920894,21
1_0_shp,35.2605812,129.0914418,22
1_0_shp,35.2603812,129.0914178,23
1_0_shp,35.2600044,129.0914095,24
1_0_shp,35.2570657,129.0913781,25
1_0_shp,35.2569913,129.0913773,26
1_0_shp,35.2569583,129.091377,27
1_0_shp,35.2569231,129.0913766,28
1_0_shp,35.256863,129.091379,29
1_0_shp,35.2563956,129.0913977,30
1_0_shp,35.2563528,129.0913994,31
1_0_shp,35.2559144,129.091446,32
1_0_shp,35.2552901,129.0915286,33
1_0_shp,35.2548486,129.0915795,34
1_0_shp,35.2543117,129.0916655,35
1_0_shp,35.2538769,129.0917309,36
1_0_shp,35.25361,129.0917517,37
1_0_shp,35.253373,129.0917523,38
1_0_shp,35.2530156,129.0917335,39
1_0_shp,35.2528551,129.0917266,40
1_0_shp,35.2525683,129.0916923,41
1_0_shp,35.2521316,129.0916615,42
1_0_shp,35.2510394,129.0915634,43
1_0_shp,35.2502836,129.0914976,44
1_0_shp,35.2480424,129.091343,45
1_0_shp,35.2468777,129.0912488,46
1_0_shp,35.246602,129.0912264,47
1_0_shp,35.2458721,129.0911344,48
1_0_shp,35.2445753,129.0910271,49
1_0_shp,35.244279,129.0909911,50
1_0_shp,35.2441209,129.0909617,51
1_0_shp,35.2440198,129.0909334,52
1_0_shp,35.2439039,129.0909009,53
1_0_shp,35.2438167,129.0908742,54
1_0_shp,35.2437073,129.0908312,55
1_0_shp,35.2435998,129.0907887,56
1_0_shp,35.2434466,129.0907208,57
1_0_shp,35.2432566,129.0906194,58
1_0_shp,35.2430263,129.090469,59
1_0_shp,35.2428878,129.0903579,60
1_0_shp,35.2427207,129.0901999,61
1_0_shp,35.24254,129.09003,62
1_0_shp,35.2424162,129.0898999,63
1_0_shp,35.2422414,129.0897071,64
1_0_shp,35.2420814,129.0895437,65
1_0_shp,35.2418926,129.0893348,66
1_0_shp,35.2417142,129.0891442,67
1_0_shp,35.2415178,129.088965,68
1_0_shp,35.2413408,129.0888118,69
1_0_shp,35.2411536,129.0886721,70
1_0_shp,35.2409595,129.0885506,71
1_0_shp,35.2407783,129.0884569,72
1_0_shp,35.2406657,129.0884031,73
1_0_shp,35.240505,129.0883408,74
1_0_shp,35.2403593,129.0882977,75
1_0_shp,35.2402064,129.0882591,76
1_0_shp,35.2400246,129.0882104,77
1_0_shp,35.2398412,129.0881826,78
1_0_shp,35.2389099,129.0880759,79
1_0_shp,35.2388511,129.0880691,80
1_0_shp,35.2388384,129.0880673,81
1_0_shp,35.2387822,129.0880624,82
1_0_shp,35.238706,129.0880538,83
1_0_shp,35.2385895,129.0880538,84
1_0_shp,35.2384563,129.0880452,85
1_0_shp,35.2381233,129.0880795,86
1_0_shp,35.2380432,129.0881014,87
1_0_shp,35.2379349,129.088131,88
1_0_shp,35.2377509,129.0881654,89
1_0_shp,35.237332,129.0883025,90
1_0_shp,35.2372764,129.0883267,91
1_0_shp,35.2369562,129.0884576,92
1_0_shp,35.2368581,129.0884997,93
1_0_shp,35.2368544,129.0885013,94
1_0_shp,35.2368174,129.0885172,95
1_0_shp,35.2366492,129.0885895,96
1_0_shp,35.2360898,129.0888299,97
1_0_shp,35.2350333,129.0892675,98
1_0_shp,35.2348794,129.0893239,99
1_0_shp,35.2345749,129.0893982,100
1_0_shp,35.2343713,129.0894311,101
1_0_shp,35.2341564,129.08945,102
1_0_shp,35.2340062,129.0894525,103
1_0_shp,35.2338217,129.0894507,104
1_0_shp,35.2336014,129.0894252,105
1_0_shp,35.2333412,129.0893797,106
1_0_shp,35.2329493,129.0893105,107
1_0_shp,35.2325966,129.0892489,108
1_0_shp,35.2321185,129.0891655,109
1_0_shp,35.2317857,129.0891265,110
1_0_shp,35.231571,129.0891068,111
1_0_shp,35.2314346,129.0891029,112
1_0_shp,35.2311814,129.0891211,113
1_0_shp,35.2307934,129.0891657,114
1_0_shp,35.230589,129.0891995,115
1_0_shp,35.2305781,129.089203,116
1_0_shp,35.2304159,129.0892297,117
1_0_shp,35.2301662,129.089264,118
1_0_shp,35.2299734,129.0892812,119
1_0_shp,35.2296942,129.0893198,120
1_0_shp,35.2295702,129.0893327,121
1_0_shp,35.2292153,129.0893413,122
1_0_shp,35.2287186,129.0893428,123
1_0_shp,35.2285005,129.089323,124
1_0_shp,35.2275089,129.0891815,125
1_0_shp,35.2269594,129.089111,126
1_0_shp,35.2263238,129.0890235,127
1_0_shp,35.2260045,129.0889825,128
1_0_shp,35.2258352,129.0889625,129
1_0_shp,35.2256511,129.0889327,130
1_0_shp,35.2255036,129.0888967,131
1_0_shp,35.2251676,129.0888099,132
1_0_shp,35.224864,129.0887118,133
1_0_shp,35.224639,129.0886325,134
1_0_shp,35.224431,129.0885397,135
1_0_shp,35.2233906,129.0880387,136
1_0_shp,35.2221363,129.0873572,137
1_0_shp,35.221114,129.0868009,138
1_0_shp,35.2210603,129.0867687,139
1_0_shp,35.2200379,129.0861878,140
1_0_shp,35.2195553,129.0859136,141
1_0_shp,35.2193573,129.0857894,142
1_0_shp,35.2190946,129.0856001,143
1_0_shp,35.2184664,129.0851129,144
1_0_shp,35.2181101,129.0848193,145
1_0_shp,35.2175931,129.0843822,146
1_0_shp,35.217007,129.0839085,147
1_0_shp,35.216803,129.0837495,148
1_0_shp,35.2165817,129.0835596,149
1_0_shp,35.2164143,129.0833918,150
1_0_shp,35.2162529,129.0832021,151
1_0_shp,35.2161633,129.0830905,152
1_0_shp,35.2160453,129.0829259,153
1_0_shp,35.2157256,129.082395,154
1_0_shp,35.2156527,129.0822896,155
1_0_shp,35.2154286,129.0819497,156
1_0_shp,35.2152753,129.0817354,157
1_0_shp,35.2151354,129.0815548,158
1_0_shp,35.2150046,129.0814098,159
1_0_shp,35.2148674,129.0812684,160
1_0_shp,35.2146671,129.0810818,161
1_0_shp,35.2145326,129.0809596,162
1_0_shp,35.2142964,129.0807803,163
1_0_shp,35.21337,129.0801541,164
1_0_shp,35.2133606,129.0801657,165
1_0_shp,35.2124368,129.0795385,166
1_0_shp,35.2118819,129.0791962,167
1_0_shp,35.2118372,129.0791586,168
1_0_shp,35.2115395,129.0789706,169
1_0_shp,35.2113298,129.0788718,170
1_0_shp,35.2110992,129.0787618,171
1_0_shp,35.2109294,129.0786959,172
1_0_shp,35.2107914,129.0786525,173
1_0_shp,35.2106461,129.0786078,174
1_0_shp,35.2104022,129.0785345,175
1_0_shp,35.2102094,129.078495,176
1_0_shp,35.2100072,129.0784621,177
1_0_shp,35.2095565,129.0784194,178
1_0_shp,35.2092398,129.0784123,179
1_0_shp,35.2077122,129.0784329,180
1_0_shp,35.206547,129.078437,181
1_0_shp,35.206495,129.0784395,182
1_0_shp,35.205308,129.0784539,183
1_0_shp,35.2047243,129.078461,184
1_0_shp,35.2040225,129.0784666,185
1_0_shp,35.2027552,129.0784598,186
1_0_shp,35.202558,129.0784643,187
1_0_shp,35.2023371,129.0784878,188
1_0_shp,35.2021149,129.0785236,189
1_0_shp,35.2019787,129.0785439,190
1_0_shp,35.2017127,129.0786019,191
1_0_shp,35.2002924,129.0789531,192
1_0_shp,35.1973891,129.0796709,193
1_0_shp,35.1967608,129.0798186,194
1_0_shp,35.196106,129.0799135,195
1_0_shp,35.1957151,129.0799272,196
1_0_shp,35.1950199,129.0799309,197
1_0_shp,35.1945497,129.0798772,198
1_0_shp,35.1942335,129.0798141,199
1_0_shp,35.1932168,129.0798097,200
1_0_shp,35.1921734,129.080002,201
1_0_shp,35.1896783,129.0806371,202
1_0_shp,35.1874474,129.0811879,203
1_0_shp,35.1863798,129.081417,204
1_0_shp,35.1858937,129.0813585,205
1_0_shp,35.1855631,129.0811294,206
1_0_shp,35.1809578,129.0774362,207
1_0_shp,35.1789166,129.0757812,208
1_0_shp,35.1776666,129.0748133,209
1_0_shp,35.1740431,129.0719319,210
1_0_shp,35.1711683,129.0696489,211
1_0_shp,35.1695738,129.0683707,212
1_0_shp,35.1685712,129.0675432,213
1_0_shp,35.1669828,129.066398,214
1_0_shp,35.165648,129.0652823,215
1_0_shp,35.1644823,129.0642849,216
1_0_shp,35.1616313,129.0621349,217
1_0_shp,35.1580554,129.0593421,218
1_0_shp,35.1571554,129.0590317,219
1_0_shp,35.1547693,129.0590465,220
1_0_shp,35.1507642,129.0590909,221
1_0_shp,35.1479309,129.0591426,222
1_0_shp,35.1444269,129.0591795,223
1_0_shp,35.1393453,129.0593998,224
1_0_shp,35.1388383,129.059246,225
1_0_shp,35.1384033,129.0590317,226
1_0_shp,35.1377412,129.0583125,227
1_0_shp,35.1368563,129.0568209,228
1_0_shp,35.1350624,129.0549978,229
1_0_shp,35.1323676,129.0522973,230
1_0_shp,35.1301217,129.0500959,231
1_0_shp,35.1250337,129.0449188,232
1_0_shp,35.1239786,129.0443672,233
1_0_shp,35.1165855,129.0404292,234
1_0_shp,35.1156246,129.0398644,235
1_0_shp,35.1147805,129.0393683,236
1_0_shp,35.1132531,129.0387148,237
1_0_shp,35.1093235,129.0371023,238
1_0_shp,35.1076364,129.036313,239
1_0_shp,35.1067965,129.0361274,240
1_0_shp,35.1051947,129.0362161,241
1_0_shp,35.1015378,129.0364082,242
1_0_shp,35.0994705,129.0365264,243
1_0_shp,35.0990171,129.036253,244
1_0_shp,35.0981345,129.0354625,245
1_0_shp,35.0978988,129.034502,246
1_0_shp,35.0977356,129.0337705,247
1_0_shp,35.0978504,129.0328765,248
1_0_shp,35.0983824,129.0307191,249
1_0_shp,35.0983038,129.0302093,250
1_0_shp,35.0973844,129.0266779,251
1_0_shp,35.0972459,129.0261457,252
1_0_shp,35.0966051,129.0238849,253
1_0_shp,35.0966475,129.0228062,254
1_0_shp,35.0969074,129.0221855,255
1_0_shp,35.098201,129.0206044,256
1_0_shp,35.0990231,129.0199838,257
1_0_shp,35.0996155,129.0197917,258
1_0_shp,35.1007619,129.0198883,259
1_0_shp,35.1020697,129.0199986,260
1_0_shp,35.105231,129.020235,261
1_0_shp,35.1075339,129.0203458,262
1_0_shp,35.1078421,129.0202128,263
1_0_shp,35.1092323,129.0185357,264
1_0_shp,35.109462,129.0182992,265
1_0_shp,35.1103458,129.0178257,266
1_0_shp,35.110979,129.0174865,267
1_0_shp,35.1115696,129.0168109,268
1_0_shp,35.1118811,129.0162398,269
1_0_shp,35.1120185,129.0151983,270
1_0_shp,35.1115971,129.0136416,271
1_0_shp,35.1106627,129.0112227,272
1_0_shp,35.1098107,129.0101812,273
1_0_shp,35.108354,129.0086134,274
1_0_shp,35.1058072,129.0041451,275
1_0_shp,35.1037522,129.0008659,276
1_0_shp,35.1032306,128.9999733,277
1_0_shp,35.1028704,128.9992555,278
1_0_shp,35.1015681,128.99677,279
1_0_shp,35.1007362,128.9950466,280
1_0_shp,35.1004167,128.9942441,281
1_0_shp,35.1002548,128.9934471,282
1_0_shp,35.099694,128.9915206,283
1_0_shp,35.0993247,128.9899437,284
1_0_shp,35.0991455,128.9869126,285
1_0_shp,35.0998749,128.98326,286
1_0_shp,35.1001912,128.9817073,287
1_0_shp,35.1004345,128.98057,288
1_0_shp,35.1006198,128.9800094,289
1_0_shp,35.1012221,128.979092,290
1_0_shp,35.1021904,128.9775518,291
1_0_shp,35.1026768,128.9766684,292
1_0_shp,35.1032559,128.9750489,293
1_0_shp,35.1039879,128.9727725,294
1_0_shp,35.1048264,128.9702978,295
1_0_shp,35.1051968,128.9694568,296
1_0_shp,35.1059551,128.9687055,297
1_0_shp,35.1061893,128.9685038,298
1_0_shp,35.1063143,128.9681786,299
1_0_shp,35.1063489,128.9671151,300
1_0_shp,35.1062851,128.9653848,301
1_0_shp,35.1062904,128.9635277,302
1_0_shp,35.1062492,128.9630496,303
1_0_shp,35.1061441,128.9625715,304
1_0_shp,35.1058886,128.9621812,305
1_0_shp,35.1054336,128.9617064,306
1_0_shp,35.1048509,128.9613323,307
1_0_shp,35.1044013,128.9611014,308
1_0_shp,35.104332,128.9610884,309
1_0_shp,35.103289,128.9608933,310
1_0_shp,35.1024349,128.9607664,311
1_0_shp,35.1018495,128.9607274,312
1_0_shp,35.1002876,128.9606786,313
1_0_shp,35.0990149,128.9606804,314
1_0_shp,35.0983152,128.960662,315
1_0_shp,35.0982817,128.9606613,316
1_0_shp,35.0975998,128.9606466,317
1_0_shp,35.0967532,128.9606312,318
1_0_shp,35.0959648,128.9606546,319
1_0_shp,35.094938,128.960669,320
1_0_shp,35.0944768,128.9606754,321
1_0_shp,35.0941267,128.9606826,322
1_0_shp,35.0939697,128.9606859,323
1_0_shp,35.0938014,128.9606921,324
1_0_shp,35.0936652,128.9606944,325
1_0_shp,35.0935273,128.9606983,326
1_0_shp,35.0930364,128.9606948,327
1_0_shp,35.0925834,128.9607161,328
1_0_shp,35.0925123,128.9607246,329
1_0_shp,35.0922674,128.9607322,330
1_0_shp,35.091655,128.9607703,331
1_0_shp,35.0912409,128.9608401,332
1_0_shp,35.090751,128.9611297,333
1_0_shp,35.0903324,128.9617093,334
1_0_shp,35.090074,128.9624421,335
1_0_shp,35.0900443,128.9651344,336
1_0_shp,35.0900538,128.9660648,337
1_0_shp,35.0898458,128.9722262,338
1_0_shp,35.0897855,128.9734415,339
1_0_shp,35.0897214,128.974734,340
1_0_shp,35.0895658,128.9774662,341
1_0_shp,35.0894925,128.9776814,342
1_0_shp,35.0893656,128.9777756,343
1_0_shp,35.0892323,128.9777925,344
1_0_shp,35.0851233,128.9775297,345
1_0_shp,35.0821966,128.9773723,346
1_0_shp,35.0819349,128.9773868,347
1_0_shp,35.0806395,128.9773698,348
1_0_shp,35.0805621,128.9773569,349
1_0_shp,35.0790944,128.9774692,350
1_0_shp,35.0785025,128.9774801,351
1_0_shp,35.0779931,128.9774413,352
1_0_shp,35.0746268,128.9768508,353
1_0_shp,35.0738716,128.9767183,354
1_0_shp,35.073489,128.9766345,355
1_0_shp,35.0731135,128.9765957,356
1_0_shp,35.0727552,128.9766405,357
1_0_shp,35.0694155,128.977818,358
1_0_shp,35.0689808,128.9780488,359
1_0_shp,35.0684862,128.9784163,360
1_0_shp,35.0680732,128.9788118,361
1_0_shp,35.0675605,128.9793278,362
1_0_shp,35.0672737,128.9796106,363
1_0_shp,35.0669172,128.9798431,364
1_0_shp,35.0665502,128.9799523,365
1_0_shp,35.0661871,128.9799589,366
1_0_shp,35.0654549,128.9797885,367
1_0_shp,35.0654404,128.9797852,368
1_0_shp,35.0649489,128.9796708,369
1_0_shp,35.0645662,128.9795894,370
1_0_shp,35.064285,128.9795722,371
1_0_shp,35.0637597,128.9795803,372
1_0_shp,35.0634807,128.9795573,373
1_0_shp,35.0632394,128.9794285,374
1_0_shp,35.0630763,128.9791718,375
1_0_shp,35.0628418,128.9783384,376
1_0_shp,35.0620035,128.9772016,377
1_0_shp,35.0613715,128.9758605,378
1_0_shp,35.0611119,128.9753647,379
1_0_shp,35.0608357,128.9749421,380
1_0_shp,35.0605082,128.9746199,381
1_0_shp,35.0600791,128.9742676,382
1_0_shp,35.0597937,128.9739015,383
1_0_shp,35.0596211,128.9733729,384
1_0_shp,35.0594284,128.9728512,385
1_0_shp,35.0592353,128.9724636,386
1_0_shp,35.058942,128.9720433,387
1_0_shp,35.0585342,128.9717929,388
1_0_shp,35.0578882,128.9714361,389
1_0_shp,35.0569646,128.9709261,390
1_0_shp,35.056443,128.9706178,391
1_0_shp,35.0561032,128.9705152,392
1_0_shp,35.0557548,128.9704844,393
1_0_shp,35.055437,128.9704999,394
1_0_shp,35.0539165,128.9707911,395
1_0_shp,35.0528707,128.970994,396
1_0_shp,35.0525662,128.9710331,397
1_0_shp,35.052274,128.9710228,398
1_0_shp,35.0520098,128.9709839,399
1_0_shp,35.0512627,128.970702,400
1_0_shp,35.0486018,128.9697652,401
1_0_shp,35.0484139,128.969681,402
1_0_shp,35.0482294,128.96959,403
1_0_shp,35.0480575,128.969439,404
1_0_shp,35.0479,128.9692565,405
1_0_shp,35.0477514,128.9689236,406
1_0_shp,35.0476654,128.9685593,407
1_0_shp,35.0476275,128.9681098,408
1_0_shp,35.0476528,128.9677632,409
1_0_shp,35.0477326,128.9673958,410
1_0_shp,35.0480864,128.9662322,411
2_1_shp,35.1694514,129.1759213,0
2_1_shp,35.1691877,129.1754469,1
2_1_shp,35.1684025,129.1743649,2
2_1_shp,35.1676685,129.1733534,3
2_1_shp,35.1672981,129.1728293,4
2_1_shp,35.1671393,129.1725405,5
2_1_shp,35.1670067,129.1722248,6
2_1_shp,35.1669228,129.1719554,7
2_1_shp,35.1668542,129.1716259,8
2_1_shp,35.1668071,129.1707439,9
2_1_shp,35.1667004,129.1687279,10
2_1_shp,35.1666518,129.1678104,11
2_1_shp,35.1663865,129.164368,12
2_1_shp,35.1662671,129.1635919,13
2_1_shp,35.1660332,129.1630021,14
2_1_shp,35.1643536,129.1600046,15
2_1_shp,35.1636846,129.1588087,16
2_1_shp,35.1622301,129.1562088,17
2_1_shp,35.161442,129.154772,18
2_1_shp,35.1610592,129.1540555,19
2_1_shp,35.1602703,129.1518434,20
2_1_shp,35.1601489,129.1512944,21
2_1_shp,35.1601545,129.150636,22
2_1_shp,35.160269,129.1502794,23
2_1_shp,35.1605727,129.149691,24
2_1_shp,35.1608983,129.148929,25
2_1_shp,35.161277,129.1480904,26
2_1_shp,35.1615641,129.1475479,27
2_1_shp,35.1624765,129.1458305,28
2_1_shp,35.1637264,129.1434393,29
2_1_shp,35.168842,129.1384745,30
2_1_shp,35.1703702,129.1369913,31
2_1_shp,35.1707473,129.1361866,32
2_1_shp,35.1707881,129.135778,33
2_1_shp,35.1707648,129.135339,34
2_1_shp,35.1703588,129.1343571,35
2_1_shp,35.1699759,129.1336176,36
2_1_shp,35.1693801,129.1326081,37
2_1_shp,35.1686251,129.1311985,38
2_1_shp,35.1675628,129.129215,39
2_1_shp,35.1668604,129.1278904,40
2_1_shp,35.166578,129.1273578,41
2_1_shp,35.1665622,129.1273281,42
2_1_shp,35.1662998,129.1268332,43
2_1_shp,35.1658569,129.1257284,44
2_1_shp,35.1657744,129.1254792,45
2_1_shp,35.1656867,129.1247604,46
2_1_shp,35.1658972,129.1239986,47
2_1_shp,35.1662735,129.1232069,48
2_1_shp,35.1670183,129.1220812,49
2_1_shp,35.1670713,129.1220012,50
2_1_shp,35.167283,129.1216812,51
2_1_shp,35.168239,129.1205869,52
2_1_shp,35.1684056,129.1193638,53
2_1_shp,35.1685021,129.1185591,54
2_1_shp,35.1680188,129.1171129,55
2_1_shp,35.1675912,129.1156939,56
2_1_shp,35.1674665,129.1154435,57
2_1_shp,35.1672812,129.1152064,58
2_1_shp,35.1669896,129.115021,59
2_1_shp,35.1666945,129.1149457,60
2_1_shp,35.1654182,129.1146714,61
2_1_shp,35.1650352,129.1145891,62
2_1_shp,35.1647435,129.1145264,63
2_1_shp,35.1632397,129.1142032,64
2_1_shp,35.1618114,129.1139108,65
2_1_shp,35.1595286,129.1134436,66
2_1_shp,35.157916,129.11317,67
2_1_shp,35.1576778,129.1130574,68
2_1_shp,35.149756,129.11097,69
2_1_shp,35.144547,129.1094187,70
2_1_shp,35.1437311,129.1092148,71
2_1_shp,35.1432736,129.1090019,72
2_1_shp,35.1430058,129.1087335,73
2_1_shp,35.1421344,129.1078416,74
2_1_shp,35.1405903,129.1062215,75
2_1_shp,35.1400375,129.1055134,76
2_1_shp,35.1389044,129.1031761,77
2_1_shp,35.1388501,129.1030694,78
2_1_shp,35.1387989,129.1029688,79
2_1_shp,35.137558,129.100531,80
2_1_shp,35.1372598,129.099838,81
2_1_shp,35.1370622,129.0993329,82
2_1_shp,35.136597,129.0981872,83
2_1_shp,35.1358613,129.0965441,84
2_1_shp,35.1353862,129.0944321,85
2_1_shp,35.1351732,129.0924237,86
2_1_shp,35.135148,129.092172,87
2_1_shp,35.1351054,129.0906985,88
2_1_shp,35.1351018,129.0905588,89
2_1_shp,35.1349562,129.0878017,90
2_1_shp,35.1348698,129.0857509,91
2_1_shp,35.134758,129.084783,92
2_1_shp,35.1346527,129.0826481,93
2_1_shp,35.1345841,129.0820267,94
2_1_shp,35.1344824,129.0810425,95
2_1_shp,35.1340613,129.0798945,96
2_1_shp,35.1337713,129.0791631,97
2_1_shp,35.1337208,129.0787195,98
2_1_shp,35.1337994,129.0782407,99
2_1_shp,35.1339573,129.0777579,100
2_1_shp,35.1348873,129.0759125,101
2_1_shp,35.135668,129.074224,102
2_1_shp,35.1360603,129.0734673,103
2_1_shp,35.1363507,129.0729358,104
2_1_shp,35.136535,129.0724965,105
2_1_shp,35.1366874,129.0719558,106
2_1_shp,35.1368251,129.0712686,107
2_1_shp,35.1368808,129.0708716,108
2_1_shp,35.1369262,129.0703613,109
2_1_shp,35.1369602,129.0696932,110
2_1_shp,35.1369869,129.0692457,111
2_1_shp,35.1370351,129.0689966,112
2_1_shp,35.1371249,129.0687598,113
2_1_shp,35.1373345,129.0684099,114
2_1_shp,35.1375414,129.068148,115
2_1_shp,35.1378616,129.0679121,116
2_1_shp,35.1383519,129.0676806,117
2_1_shp,35.1388027,129.0674824,118
2_1_shp,35.1391392,129.0673312,119
2_1_shp,35.1396392,129.067133,120
2_1_shp,35.1399065,129.0670375,121
2_1_shp,35.14028,129.0669384,122
2_1_shp,35.1405895,129.0668781,123
2_1_shp,35.1408899,129.0668417,124
2_1_shp,35.1413073,129.0668073,125
2_1_shp,35.141638,129.0667853,126
2_1_shp,35.1433769,129.0667654,127
2_1_shp,35.1445891,129.066737,128
2_1_shp,35.1450931,129.0667366,129
2_1_shp,35.1457278,129.0667134,130
2_1_shp,35.1468901,129.0666934,131
2_1_shp,35.1471453,129.0666859,132
2_1_shp,35.147467,129.0666512,133
2_1_shp,35.1476813,129.06659,134
2_1_shp,35.1478742,129.0665166,135
2_1_shp,35.1480641,129.0664309,136
2_1_shp,35.1487535,129.0660337,137
2_1_shp,35.1492228,129.0657636,138
2_1_shp,35.1498275,129.0655435,139
2_1_shp,35.1501434,129.0654727,140
2_1_shp,35.1505451,129.0654281,141
2_1_shp,35.150969,129.0653885,142
2_1_shp,35.1528193,129.0653641,143
2_1_shp,35.1544418,129.0653677,144
2_1_shp,35.1549671,129.0653791,145
2_1_shp,35.1553648,129.0653935,146
2_1_shp,35.1559213,129.0654507,147
2_1_shp,35.1563249,129.06548,148
2_1_shp,35.1566447,129.0654867,149
2_1_shp,35.1568704,129.0654684,150
2_1_shp,35.1570663,129.0654293,151
2_1_shp,35.1572852,129.0653456,152
2_1_shp,35.1574165,129.0652693,153
2_1_shp,35.15755,129.0651564,154
2_1_shp,35.1576423,129.0650369,155
2_1_shp,35.1577087,129.0648948,156
2_1_shp,35.1577521,129.0647236,157
2_1_shp,35.1577669,129.0643933,158
2_1_shp,35.1577582,129.063848,159
2_1_shp,35.157752,129.0623772,160
2_1_shp,35.1577168,129.0598823,161
2_1_shp,35.157709,129.0591639,162
2_1_shp,35.1577084,129.0591028,163
2_1_shp,35.1576989,129.0582466,164
2_1_shp,35.1576126,129.0559493,165
2_1_shp,35.1576001,129.0547684,166
2_1_shp,35.1576046,129.0536522,167
2_1_shp,35.1576055,129.0531381,168
2_1_shp,35.1576032,129.0523769,169
2_1_shp,35.1575868,129.0513695,170
2_1_shp,35.1575672,129.0511192,171
2_1_shp,35.1575383,129.0509502,172
2_1_shp,35.157439,129.0505061,173
2_1_shp,35.1573491,129.0501205,174
2_1_shp,35.1571272,129.0491604,175
2_1_shp,35.1568236,129.0479255,176
2_1_shp,35.1565409,129.0465993,177
2_1_shp,35.156405,129.0459306,178
2_1_shp,35.1562953,129.0453101,179
2_1_shp,35.1558284,129.0426874,180
2_1_shp,35.1555746,129.0414169,181
2_1_shp,35.1553652,129.0403385,182
2_1_shp,35.1552236,129.0395018,183
2_1_shp,35.1550951,129.0387353,184
2_1_shp,35.1550124,129.0382335,185
2_1_shp,35.1549302,129.0376293,186
2_1_shp,35.1548041,129.0368226,187
2_1_shp,35.1545702,129.0354106,188
2_1_shp,35.1542294,129.0334756,189
2_1_shp,35.1539803,129.0321386,190
2_1_shp,35.1538207,129.0312601,191
2_1_shp,35.1536781,129.0303309,192
2_1_shp,35.153531,129.0295272,193
2_1_shp,35.1533163,129.028141,194
2_1_shp,35.1532301,129.0273599,195
2_1_shp,35.1531996,129.0263254,196
2_1_shp,35.1531929,129.0255158,197
2_1_shp,35.1532091,129.0243274,198
2_1_shp,35.153245,129.0230402,199
2_1_shp,35.1532666,129.0204746,200
2_1_shp,35.1532396,129.0201367,201
2_1_shp,35.1531748,129.0197948,202
2_1_shp,35.1530864,129.0194053,203
2_1_shp,35.1529713,129.0189716,204
2_1_shp,35.1528853,129.0187022,205
2_1_shp,35.1527881,129.0184651,206
2_1_shp,35.1526226,129.0181579,207
2_1_shp,35.1524135,129.0178087,208
2_1_shp,35.1522166,129.0174309,209
2_1_shp,35.1519866,129.0170015,210
2_1_shp,35.1518055,129.0165374,211
2_1_shp,35.1516614,129.0160019,212
2_1_shp,35.1515609,129.0154891,213
2_1_shp,35.1514933,129.0149345,214
2_1_shp,35.1514394,129.0142465,215
2_1_shp,35.151315,129.0128221,216
2_1_shp,35.1512851,129.0124257,217
2_1_shp,35.1511642,129.0107573,218
2_1_shp,35.1510627,129.0096131,219
2_1_shp,35.1509301,129.0079005,220
2_1_shp,35.1507514,129.0058998,221
2_1_shp,35.1506988,129.005297,222
2_1_shp,35.1506066,129.0043051,223
2_1_shp,35.1505729,129.0039194,224
2_1_shp,35.150504,129.00315,225
2_1_shp,35.1504103,129.0022384,226
2_1_shp,35.1503467,129.0013998,227
2_1_shp,35.1503504,129.0009872,228
2_1_shp,35.150363,129.0004922,229
2_1_shp,35.1504024,128.9999562,230
2_1_shp,35.1504844,128.9995478,231
2_1_shp,35.1506732,128.9989771,232
2_1_shp,35.1509554,128.9983713,233
2_1_shp,35.1512171,128.997773,234
2_1_shp,35.1517998,128.996497,235
2_1_shp,35.1519722,128.9962141,236
2_1_shp,35.1520517,128.9960837,237
2_1_shp,35.15211,128.995988,238
2_1_shp,35.1530139,128.9946905,239
2_1_shp,35.1532839,128.9943118,240
2_1_shp,35.1542853,128.9929074,241
2_1_shp,35.1551886,128.9915849,242
2_1_shp,35.1553858,128.9913203,243
2_1_shp,35.1557054,128.9908801,244
2_1_shp,35.1561275,128.9904353,245
2_1_shp,35.1573554,128.9892677,246
2_1_shp,35.1575418,128.9890907,247
2_1_shp,35.1590811,128.9876206,248
2_1_shp,35.1594904,128.9872219,249
2_1_shp,35.1601402,128.9865853,250
2_1_shp,35.1618462,128.9849384,251
2_1_shp,35.1620384,128.9847909,252
2_1_shp,35.1622166,128.9846663,253
2_1_shp,35.1625081,128.984509,254
2_1_shp,35.1644358,128.9835302,255
2_1_shp,35.1668676,128.9822865,256
2_1_shp,35.1672488,128.9821628,257
2_1_shp,35.1675779,128.9820979,258
2_1_shp,35.1678571,128.9820805,259
2_1_shp,35.1681209,128.9821162,260
2_1_shp,35.1683306,128.9821361,261
2_1_shp,35.1685833,128.982173,262
2_1_shp,35.1689494,128.9822603,263
2_1_shp,35.1698296,128.9825275,264
2_1_shp,35.1705445,128.982739,265
2_1_shp,35.1711146,128.9829223,266
2_1_shp,35.1767155,128.9846825,267
2_1_shp,35.17776,128.9849467,268
2_1_shp,35.1785897,128.9851445,269
2_1_shp,35.1798832,128.9854634,270
2_1_shp,35.1812341,128.9857985,271
2_1_shp,35.1815186,128.9858518,272
2_1_shp,35.1825962,128.986119,273
2_1_shp,35.1833935,128.9863125,274
2_1_shp,35.1843871,128.9865558,275
2_1_shp,35.1857857,128.986883,276
2_1_shp,35.1862624,128.9870034,277
2_1_shp,35.1865084,128.9870941,278
2_1_shp,35.1872237,128.9874328,279
2_1_shp,35.187752,128.987693,280
2_1_shp,35.1881532,128.9878915,281
2_1_shp,35.1898674,128.988716,282
2_1_shp,35.1908437,128.9891937,283
2_1_shp,35.1912673,128.9894301,284
2_1_shp,35.191444,128.9895441,285
2_1_shp,35.1915849,128.9896635,286
2_1_shp,35.1916912,128.9898113,287
2_1_shp,35.1917715,128.9899636,288
2_1_shp,35.1925067,128.9920069,289
2_1_shp,35.1927535,128.9924634,290
2_1_shp,35.1929902,128.9927102,291
2_1_shp,35.1932933,128.9929425,292
2_1_shp,35.1947908,128.9937177,293
2_1_shp,35.196327,128.9945875,294
2_1_shp,35.1964344,128.9946586,295
2_1_shp,35.1969455,128.9950174,296
2_1_shp,35.1979546,128.9957317,297
2_1_shp,35.199016,128.996587,298
2_1_shp,35.1997887,128.9971924,299
2_1_shp,35.2009302,128.998002,300
2_1_shp,35.2028827,128.9996216,301
2_1_shp,35.2030018,128.9997261,302
2_1_shp,35.2033739,129.0000392,303
2_1_shp,35.203953,129.0005265,304
2_1_shp,35.2042547,129.0007885,305
2_1_shp,35.20437,129.0009714,306
2_1_shp,35.2044309,129.0012131,307
2_1_shp,35.2044386,129.0012378,308
2_1_shp,35.2044585,129.001302,309
2_1_shp,35.2046147,129.002163,310
2_1_shp,35.2046753,129.0024969,311
2_1_shp,35.2046815,129.0025313,312
2_1_shp,35.2049268,129.0034345,313
2_1_shp,35.2050343,129.0037608,314
2_1_shp,35.2051893,129.004033,315
2_1_shp,35.2053623,129.004229,316
2_1_shp,35.2055062,129.0043317,317
2_1_shp,35.2058644,129.0044808,318
2_1_shp,35.2061238,129.0045605,319
2_1_shp,35.2062229,129.004591,320
2_1_shp,35.2071049,129.0048057,321
2_1_shp,35.2091176,129.0053419,322
2_1_shp,35.2093795,129.0054074,323
2_1_shp,35.2095815,129.0054131,324
2_1_shp,35.2098432,129.0053698,325
2_1_shp,35.2107798,129.0050608,326
2_1_shp,35.2112242,129.0048645,327
2_1_shp,35.2131824,129.0041921,328
2_1_shp,35.2134054,129.0041717,329
2_1_shp,35.213666,129.0042339,330
2_1_shp,35.2144237,129.0044303,331
2_1_shp,35.2148212,129.0045263,332
2_1_shp,35.2171637,129.0051017,333
2_1_shp,35.2171944,129.0051074,334
2_1_shp,35.2176387,129.0052348,335
2_1_shp,35.2179189,129.00538,336
2_1_shp,35.2181946,129.0055408,337
2_1_shp,35.2192235,129.0066718,338
2_1_shp,35.2193151,129.0067619,339
2_1_shp,35.2205318,129.0079576,340
2_1_shp,35.2206469,129.0080573,341
2_1_shp,35.2208875,129.0082075,342
2_1_shp,35.222924,129.0090594,343
2_1_shp,35.2240528,129.0095083,344
2_1_shp,35.2245394,129.0096965,345
2_1_shp,35.2254918,129.0100721,346
2_1_shp,35.2256093,129.0101605,347
2_1_shp,35.2262034,129.0106073,348
2_1_shp,35.2265392,129.0108646,349
2_1_shp,35.2266456,129.0109462,350
2_1_shp,35.2268111,129.011073,351
2_1_shp,35.2270506,129.0112565,352
2_1_shp,35.2272801,129.0114303,353
2_1_shp,35.2282952,129.0121991,354
2_1_shp,35.2282768,129.0121851,355
2_1_shp,35.2284087,129.012285,356
2_1_shp,35.2289216,129.0124852,357
2_1_shp,35.2308386,129.0130461,358
2_1_shp,35.2308855,129.013056,359
2_1_shp,35.2322216,129.0133377,360
2_1_shp,35.23229,129.0133494,361
2_1_shp,35.2345388,129.0137269,362
2_1_shp,35.2366599,129.0139417,363
2_1_shp,35.2382843,129.0140255,364
2_1_shp,35.2395946,129.0141166,365
2_1_shp,35.2401217,129.0141579,366
2_1_shp,35.2403035,129.0141351,367
2_1_shp,35.2406028,129.0141142,368
2_1_shp,35.2408437,129.0140767,369
2_1_shp,35.2408914,129.0140647,370
2_1_shp,35.2412014,129.0139869,371
2_1_shp,35.2417726,129.0138192,372
2_1_shp,35.2436696,129.0132666,373
2_1_shp,35.2446247,129.0130092,374
2_1_shp,35.2451417,129.0128858,375
2_1_shp,35.245479,129.0128697,376
2_1_shp,35.2461844,129.0128697,377
2_1_shp,35.2467526,129.0129009,378
2_1_shp,35.2470211,129.0129019,379
2_1_shp,35.2477422,129.0129502,380
2_1_shp,35.2478278,129.012956,381
2_1_shp,35.2481214,129.0129866,382
2_1_shp,35.2485413,129.0130038,383
2_1_shp,35.2490101,129.012977,384
2_1_shp,35.2492948,129.0129019,385
2_1_shp,35.2494907,129.0128423,386
2_1_shp,35.2499112,129.0126009,387
2_1_shp,35.2506923,129.0120596,388
2_1_shp,35.2510306,129.0118111,389
2_1_shp,35.2513056,129.011609,390
2_1_shp,35.2514673,129.0114931,391
2_1_shp,35.2521673,129.0109916,392
2_1_shp,35.252576,129.0107293,393
2_1_shp,35.2530268,129.0105486,394
2_1_shp,35.2530846,129.0105254,395
2_1_shp,35.2535678,129.0104513,396
2_1_shp,35.2536922,129.0104618,397
2_1_shp,35.2538902,129.0104784,398
2_1_shp,35.2539428,129.0104879,399
2_1_shp,35.2541342,129.0105088,400
2_1_shp,35.2544685,129.0105844,401
2_1_shp,35.254981,129.0107829,402
2_1_shp,35.2555023,129.0109975,403
2_1_shp,35.2560251,129.0112761,404
2_1_shp,35.2566368,129.0114427,405
2_1_shp,35.2573333,129.0117033,406
2_1_shp,35.2577231,129.0118822,407
2_1_shp,35.2578922,129.0119898,408
2_1_shp,35.259424,129.012772,409
2_1_shp,35.2595933,129.0128331,410
2_1_shp,35.262517,129.0142804,411
2_1_shp,35.2626895,129.0143611,412
2_1_shp,35.2643719,129.0151752,413
2_1_shp,35.2648827,129.0154543,414
2_1_shp,35.2665515,129.0163713,415
2_1_shp,35.2667001,129.0164573,416
2_1_shp,35.266737,129.0164867,417
2_1_shp,35.2682583,129.0173153,418
2_1_shp,35.2683243,129.0173507,419
2_1_shp,35.2685904,129.0174888,420
2_1_shp,35.2688285,129.0176131,421
2_1_shp,35.2692774,129.0178371,422
2_1_shp,35.269586,129.0179697,423
2_1_shp,35.2698841,129.018061,424
2_1_shp,35.2701791,129.0181378,425
2_1_shp,35.2705168,129.0181999,426
2_1_shp,35.2708043,129.018231,427
2_1_shp,35.2709807,129.0182393,428
2_1_shp,35.2711314,129.01824,429
2_1_shp,35.271438,129.018221,430
2_1_shp,35.2717472,129.0181854,431
2_1_shp,35.2719021,129.0181616,432
2_1_shp,35.2720796,129.0181363,433
2_1_shp,35.2724248,129.0180477,434
2_1_shp,35.2727156,129.0179569,435
2_1_shp,35.2734976,129.017697,436
2_1_shp,35.2742523,129.0174527,437
2_1_shp,35.2745292,129.017351,438
2_1_shp,35.2746803,129.0173008,439
2_1_shp,35.2748548,129.0172629,440
2_1_shp,35.2749878,129.0172417,441
2_1_shp,35.275154,129.0172233,442
2_1_shp,35.275322,129.0172276,443
2_1_shp,35.275473,129.0172483,444
2_1_shp,35.2755886,129.0172721,445
2_1_shp,35.2765669,129.0175287,446
2_1_shp,35.2769848,129.0176247,447
2_1_shp,35.2770611,129.0176341,448
2_1_shp,35.2772864,129.0176505,449
2_1_shp,35.2774626,129.0176629,450
2_1_shp,35.2778401,129.0176612,451
2_1_shp,35.2786634,129.0176153,452
2_1_shp,35.2793153,129.0175933,453
2_1_shp,35.2798024,129.0175242,454
2_1_shp,35.2804107,129.0175023,455
2_1_shp,35.2810803,129.0174697,456
2_1_shp,35.2811482,129.0174664,457
2_1_shp,35.2818403,129.0174536,458
2_1_shp,35.2824685,129.01742,459
2_1_shp,35.2829555,129.0173581,460
2_1_shp,35.2834241,129.0173487,461
2_1_shp,35.2841086,129.0173358,462
2_1_shp,35.2860475,129.0172443,463
2_1_shp,35.2865609,129.0171909,464
2_1_shp,35.2871331,129.0171061,465
2_1_shp,35.2874381,129.0170637,466
2_1_shp,35.2876282,129.0170528,467
2_1_shp,35.2877409,129.0170552,468
2_1_shp,35.2879247,129.0170721,469
2_1_shp,35.2881373,129.017104,470
2_1_shp,35.2883129,129.0171361,471
2_1_shp,35.2887767,129.0172439,472
2_1_shp,35.2897111,129.0174478,473
2_1_shp,35.2902651,129.0175598,474
2_1_shp,35.2905757,129.017609,475
2_1_shp,35.2907515,129.0176351,476
2_1_shp,35.290972,129.0176536,477
2_1_shp,35.2912329,129.0176715,478
2_1_shp,35.2915073,129.0176847,479
2_1_shp,35.2917437,129.0176766,480
2_1_shp,35.2919072,129.0176714,481
2_1_shp,35.2920304,129.0176553,482
2_1_shp,35.292173,129.0176347,483
2_1_shp,35.2923553,129.0176018,484
2_1_shp,35.29247,129.0175758,485
2_1_shp,35.2930202,129.0174147,486
2_1_shp,35.2933254,129.0172888,487
2_1_shp,35.2935384,129.0171859,488
2_1_shp,35.2940217,129.0169151,489
2_1_shp,35.2942966,129.016716,490
2_1_shp,35.2945257,129.0165265,491
2_1_shp,35.2947176,129.0163564,492
2_1_shp,35.294918,129.0161521,493
2_1_shp,35.2950673,129.0159957,494
2_1_shp,35.2952431,129.0157999,495
2_1_shp,35.2954415,129.0155468,496
2_1_shp,35.2956379,129.0152689,497
2_1_shp,35.2958147,129.0149939,498
2_1_shp,35.296051,129.0145712,499
2_1_shp,35.2962466,129.0141293,500
2_1_shp,35.2963853,129.0137904,501
2_1_shp,35.2968403,129.0126616,502
2_1_shp,35.2973566,129.0113632,503
2_1_shp,35.2976386,129.0106669,504
2_1_shp,35.2979099,129.0100382,505
2_1_shp,35.2980381,129.0097876,506
2_1_shp,35.2981328,129.0096303,507
2_1_shp,35.2982671,129.0094413,508
2_1_shp,35.2984099,129.0092633,509
2_1_shp,35.2985469,129.0091106,510
2_1_shp,35.2986573,129.0090006,511
2_1_shp,35.2987836,129.0088862,512
2_1_shp,35.2989678,129.0087567,513
2_1_shp,35.2991179,129.0086629,514
2_1_shp,35.2992611,129.0085897,515
2_1_shp,35.2993798,129.0085332,516
2_1_shp,35.2995386,129.0084687,517
2_1_shp,35.2995739,129.0084526,518
2_1_shp,35.2996681,129.0084278,519
2_1_shp,35.299777,129.0083986,520
2_1_shp,35.2998859,129.0083739,521
2_1_shp,35.3000109,129.0083558,522
2_1_shp,35.3001631,129.0083441,523
2_1_shp,35.3004959,129.0083463,524
2_1_shp,35.3007404,129.008396,525
2_1_shp,35.3010124,129.0084687,526
2_1_shp,35.3015236,129.008671,527
2_1_shp,35.3020514,129.0089011,528
2_1_shp,35.3024758,129.0090748,529
2_1_shp,35.3026956,129.0091453,530
2_1_shp,35.3029115,129.0092082,531
2_1_shp,35.3032031,129.0092809,532
2_1_shp,35.3036034,129.0093347,533
2_1_shp,35.3038678,129.0093533,534
2_1_shp,35.3055013,129.0093525,535
2_1_shp,35.3057054,129.009354,536
2_1_shp,35.3060314,129.009395,537
2_1_shp,35.3064217,129.0094704,538
2_1_shp,35.3066453,129.0095296,539
2_1_shp,35.3068231,129.0095853,540
2_1_shp,35.3069875,129.0096481,541
2_1_shp,35.3074982,129.0098626,542
2_1_shp,35.3075229,129.0098769,543
2_1_shp,35.3091321,129.0105799,544
2_1_shp,35.3092877,129.0106377,545
2_1_shp,35.309607,129.0107669,546
2_1_shp,35.3103645,129.0110948,547
2_1_shp,35.3113472,129.0115141,548
2_1_shp,35.3117781,129.0117072,549
2_1_shp,35.3119099,129.0117697,550
2_1_shp,35.3125508,129.0120555,551
2_1_shp,35.3139189,129.0126425,552
2_1_shp,35.3143872,129.0128492,553
2_1_shp,35.3153912,129.0132794,554
2_1_shp,35.3154933,129.0133219,555
2_1_shp,35.3158168,129.01349,556
2_1_shp,35.3160449,129.0135996,557
2_1_shp,35.3168773,129.0139796,558
2_1_shp,35.3169681,129.0140211,559
2_1_shp,35.3176091,129.0144065,560
2_1_shp,35.3177911,129.0145166,561
2_1_shp,35.3178952,129.014589,562
2_1_shp,35.3182665,129.0148985,563
2_1_shp,35.3184646,129.015084,564
2_1_shp,35.3187751,129.0153989,565
2_1_shp,35.3191108,129.0157472,566
2_1_shp,35.3192878,129.0159789,567
2_1_shp,35.3199361,129.016821,568
2_1_shp,35.3201901,129.0171469,569
2_1_shp,35.3205397,129.017548,570
2_1_shp,35.3207384,129.0177385,571
2_1_shp,35.3209546,129.017942,572
2_1_shp,35.3211387,129.0180961,573
2_1_shp,35.3213727,129.0182664,574
2_1_shp,35.3216736,129.0184635,575
2_1_shp,35.3219655,129.0186234,576
2_1_shp,35.3221443,129.0187112,577
2_1_shp,35.3225029,129.0188595,578
2_1_shp,35.3230231,129.0190181,579
2_1_shp,35.3233334,129.0190823,580
2_1_shp,35.3234355,129.0190965,581
2_1_shp,35.3236205,129.0191184,582
2_1_shp,35.3246347,129.0192432,583
2_1_shp,35.3263586,129.0194724,584
2_1_shp,35.3264943,129.0194904,585
2_1_shp,35.3268068,129.0195281,586
2_1_shp,35.3275569,129.0196193,587
2_1_shp,35.3288009,129.0197803,588
2_1_shp,35.3291348,129.0198189,589
2_1_shp,35.3293503,129.019856,590
2_1_shp,35.3296497,129.0199163,591
2_1_shp,35.3299568,129.0200023,592
2_1_shp,35.330298,129.0201122,593
2_1_shp,35.3306515,129.0202546,594
2_1_shp,35.3310472,129.0204438,595
2_1_shp,35.3313232,129.0205871,596
2_1_shp,35.3316773,129.0208042,597
2_1_shp,35.332228,129.0212036,598
2_1_shp,35.3336069,129.0223248,599
2_1_shp,35.3343948,129.0229611,600
2_1_shp,35.33519,129.0236134,601
2_1_shp,35.3366713,129.0248155,602
2_1_shp,35.3372103,129.0252148,603
2_1_shp,35.3380326,129.0259086,604
2_1_shp,35.3387025,129.0263868,605
2_0_shp,35.3387025,129.0263868,0
2_0_shp,35.3380326,129.0259086,1
2_0_shp,35.3372103,129.0252148,2
2_0_shp,35.3366713,129.0248155,3
2_0_shp,35.33519,129.0236134,4
2_0_shp,35.3343948,129.0229611,5
2_0_shp,35.3336069,129.0223248,6
2_0_shp,35.332228,129.0212036,7
2_0_shp,35.3316773,129.0208042,8
2_0_shp,35.3313232,129.0205871,9
2_0_shp,35.3310472,129.0204438,10
2_0_shp,35.3306515,129.0202546,11
2_0_shp,35.330298,129.0201122,12
2_0_shp,35.3299568,129.0200023,13
2_0_shp,35.3296497,129.0199163,14
2_0_shp,35.3293503,129.019856,15
2_0_shp,35.3291348,129.0198189,16
2_0_shp,35.3288009,129.0197803,17
2_0_shp,35.3275569,129.0196193,18
2_0_shp,35.3268068,129.0195281,19
2_0_shp,35.3264943,129.0194904,20
2_0_shp,35.3263586,129.0194724,21
2_0_shp,35.3246347,129.0192432,22
2_0_shp,35.3236205,129.0191184,23
2_0_shp,35.3234355,129.0190965,24
2_0_shp,35.3233334,129.0190823,25
2_0_shp,35.3230231,129.0190181,26
2_0_shp,35.3225029,129.0188595,27
2_0_shp,35.3221443,129.0187112,28
2_0_shp,35.3219655,129.0186234,29
2_0_shp,35.3216736,129.0184635,30
2_0_shp,35.3213727,129.0182664,31
2_0_shp,35.3211387,129.0180961,32
2_0_shp,35.3209546,129.017942,33
2_0_shp,35.3207384,129.0177385,34
2_0_shp,35.3205397,129.017548,35
2_0_shp,35.3201901,129.0171469,36
2_0_shp,35.3199361,129.016821,37
2_0_shp,35.3192878,129.0159789,38
2_0_shp,35.3191108,129.0157472,39
2_0_shp,35.3187751,129.0153989,40
2_0_shp,35.3184646,129.015084,41
2_0_shp,35.3182665,129.0148985,42
2_0_shp,35.3178952,129.014589,43
2_0_shp,35.3177911,129.0145166,44
2_0_shp,35.3176091,129.0144065,45
2_0_shp,35.3169681,129.0140211,46
2_0_shp,35.3168773,129.0139796,47
2_0_shp,35.3160449,129.0135996,48
2_0_shp,35.3158168,129.01349,49
2_0_shp,35.3154933,129.0133219,50
2_0_shp,35.3153912,129.0132794,51
2_0_shp,35.3143872,129.0128492,52
2_0_shp,35.3139189,129.0126425,53
2_0_shp,35.3125508,129.0120555,54
2_0_shp,35.3119099,129.0117697,55
2_0_shp,35.3117781,129.0117072,56
2_0_shp,35.3113472,129.0115141,57
2_0_shp,35.3103645,129.0110948,58
2_0_shp,35.309607,129.0107669,59
2_0_shp,35.3092877,129.0106377,60
2_0_shp,35.3091321,129.0105799,61
2_0_shp,35.3075229,129.0098769,62
2_0_shp,35.3074982,129.0098626,63
2_0_shp,35.3069875,129.0096481,64
2_0_shp,35.3068231,129.0095853,65
2_0_shp,35.3066453,129.0095296,66
2_0_shp,35.3064217,129.0094704,67
2_0_shp,35.3060314,129.009395,68
2_0_shp,35.3057054,129.009354,69
2_0_shp,35.3055013,129.0093525,70
2_0_shp,35.3038678,129.0093533,71
2_0_shp,35.3036034,129.0093347,72
2_0_shp,35.3032031,129.0092809,73
2_0_shp,35.3029115,129.0092082,74
2_0_shp,35.3026956,129.0091453,75
2_0_shp,35.3024758,129.0090748,76
2_0_shp,35.3020514,129.0089011,77
2_0_shp,35.3015236,129.008671,78
2_0_shp,35.3010124,129.0084687,79
2_0_shp,35.3007404,129.008396,80
2_0_shp,35.3004959,129.0083463,81
2_0_shp,35.3001631,129.0083441,82
2_0_shp,35.3000109,129.0083558,83
2_0_shp,35.2998859,129.0083739,84
2_0_shp,35.299777,129.0083986,85
2_0_shp,35.2996681,129.0084278,86
2_0_shp,35.2995739,129.0084526,87
2_0_shp,35.2995386,129.0084687,88
2_0_shp,35.2993798,129.0085332,89
2_0_shp,35.2992611,129.0085897,90
2_0_shp,35.2991179,129.0086629,91
2_0_shp,35.2989678,129.0087567,92
2_0_shp,35.2987836,129.0088862,93
2_0_shp,35.2986573,129.0090006,94
2_0_shp,35.2985469,129.0091106,95
2_0_shp,35.2984099,129.0092633,96
2_0_shp,35.2982671,129.0094413,97
2_0_shp,35.2981328,129.0096303,98
2_0_shp,35.2980381,129.0097876,99
2_0_shp,35.2979099,129.0100382,100
2_0_shp,35.2976386,129.0106669,101
2_0_shp,35.2973566,129.0113632,102
2_0_shp,35.2968403,129.0126616,103
2_0_shp,35.2963853,129.0137904,104
2_0_shp,35.2962466,129.0141293,105
2_0_shp,35.296051,129.0145712,106
2_0_shp,35.2958147,129.0149939,107
2_0_shp,35.2956379,129.0152689,108
2_0_shp,35.2954415,129.0155468,109
2_0_shp,35.2952431,129.0157999,110
2_0_shp,35.2950673,129.0159957,111
2_0_shp,35.294918,129.0161521,112
2_0_shp,35.2947176,129.0163564,113
2_0_shp,35.2945257,129.0165265,114
2_0_shp,35.2942966,129.016716,115
2_0_shp,35.2940217,129.0169151,116
2_0_shp,35.2935384,129.0171859,117
2_0_shp,35.2933254,129.0172888,118
2_0_shp,35.2930202,129.0174147,119
2_0_shp,35.29247,129.0175758,120
2_0_shp,35.2923553,129.0176018,121
2_0_shp,35.292173,129.0176347,122
2_0_shp,35.2920304,129.0176553,123
2_0_shp,35.2919072,129.0176714,124
2_0_shp,35.2917437,129.0176766,125
2_0_shp,35.2915073,129.0176847,126
2_0_shp,35.2912329,129.0176715,127
2_0_shp,35.290972,129.0176536,128
2_0_shp,35.2907515,129.0176351,129
2_0_shp,35.2905757,129.017609,130
2_0_shp,35.2902651,129.0175598,131
2_0_shp,35.2897111,129.0174478,132
2_0_shp,35.2887767,129.0172439,133
2_0_shp,35.2883129,129.0171361,134
2_0_shp,35.2881373,129.017104,135
2_0_shp,35.2879247,129.0170721,136
2_0_shp,35.2877409,129.0170552,137
2_0_shp,35.2876282,129.0170528,138
2_0_shp,35.2874381,129.0170637,139
2_0_shp,35.2871331,129.0171061,140
2_0_shp,35.2865609,129.0171909,141
2_0_shp,35.2860475,129.0172443,142
2_0_shp,35.2841086,129.0173358,143
2_0_shp,35.2834241,129.0173487,144
2_0_shp,35.2829555,129.0173581,145
2_0_shp,35.2824685,129.01742,146
2_0_shp,35.2818403,129.0174536,147
2_0_shp,35.2811482,129.0174664,148
2_0_shp,35.2810803,129.0174697,149
2_0_shp,35.2804107,129.0175023,150
2_0_shp,35.2798024,129.0175242,151
2_0_shp,35.2793153,129.0175933,152
2_0_shp,35.2786634,129.0176153,153
2_0_shp,35.2778401,129.0176612,154
2_0_shp,35.2774626,129.0176629,155
2_0_shp,35.2772864,129.0176505,156
2_0_shp,35.2770611,129.0176341,157
2_0_shp,35.2769848,129.0176247,158
2_0_shp,35.2765669,129.0175287,159
2_0_shp,35.2755886,129.0172721,160
2_0_shp,35.275473,129.0172483,161
2_0_shp,35.275322,129.0172276,162
2_0_shp,35.275154,129.0172233,163
2_0_shp,35.2749878,129.0172417,164
2_0_shp,35.2748548,129.0172629,165
2_0_shp,35.2746803,129.0173008,166
2_0_shp,35.2745292,129.017351,167
2_0_shp,35.2742523,129.0174527,168
2_0_shp,35.2734976,129.017697,169
2_0_shp,35.2727156,129.0179569,170
2_0_shp,35.2724248,129.0180477,171
2_0_shp,35.2720796,129.0181363,172
2_0_shp,35.2719021,129.0181616,173
2_0_shp,35.2717472,129.0181854,174
2_0_shp,35.271438,129.018221,175
2_0_shp,35.2711314,129.01824,176
2_0_shp,35.2709807,129.0182393,177
2_0_shp,35.2708043,129.018231,178
2_0_shp,35.2705168,129.0181999,179
2_0_shp,35.2701791,129.0181378,180
2_0_shp,35.2698841,129.018061,181
2_0_shp,35.269586,129.0179697,182
2_0_shp,35.2692774,129.0178371,183
2_0_shp,35.2688285,129.0176131,184
2_0_shp,35.2685904,129.0174888,185
2_0_shp,35.2683243,129.0173507,186
2_0_shp,35.2682583,129.0173153,187
2_0_shp,35.266737,129.0164867,188
2_0_shp,35.2667001,129.0164573,189
2_0_shp,35.2665515,129.0163713,190
2_0_shp,35.2648827,129.0154543,191
2_0_shp,35.2643719,129.0151752,192
2_0_shp,35.2626895,129.0143611,193
2_0_shp,35.262517,129.0142804,194
2_0_shp,35.2595933,129.0128331,195
2_0_shp,35.259424,129.012772,196
2_0_shp,35.2578922,129.0119898,197
2_0_shp,35.2577231,129.0118822,198
2_0_shp,35.2573333,129.0117033,199
2_0_shp,35.2566368,129.0114427,200
2_0_shp,35.2560251,129.0112761,201
2_0_shp,35.2555023,129.0109975,202
2_0_shp,35.254981,129.0107829,203
2_0_shp,35.2544685,129.0105844,204
2_0_shp,35.2541342,129.0105088,205
2_0_shp,35.2539428,129.0104879,206
2_0_shp,35.2538902,129.0104784,207
2_0_shp,35.2536922,129.0104618,208
2_0_shp,35.2535678,129.0104513,209
2_0_shp,35.2530846,129.0105254,210
2_0_shp,35.2530268,129.0105486,211
2_0_shp,35.252576,129.0107293,212
2_0_shp,35.2521673,129.0109916,213
2_0_shp,35.2514673,129.0114931,214
2_0_shp,35.2513056,129.011609,215
2_0_shp,35.2510306,129.0118111,216
2_0_shp,35.2506923,129.0120596,217
2_0_shp,35.2499112,129.0126009,218
2_0_shp,35.2494907,129.0128423,219
2_0_shp,35.2492948,129.0129019,220
2_0_shp,35.2490101,129.012977,221
2_0_shp,35.2485413,129.0130038,222
2_0_shp,35.2481214,129.0129866,223
2_0_shp,35.2478278,129.012956,224
2_0_shp,35.2477422,129.0129502,225
2_0_shp,35.2470211,129.0129019,226
2_0_shp,35.2467526,129.0129009,227
2_0_shp,35.2461844,129.0128697,228
2_0_shp,35.245479,129.0128697,229
2_0_shp,35.2451417,129.0128858,230
2_0_shp,35.2446247,129.0130092,231
2_0_shp,35.2436696,129.0132666,232
2_0_shp,35.2417726,129.0138192,233
2_0_shp,35.2412014,129.0139869,234
2_0_shp,35.2408914,129.0140647,235
2_0_shp,35.2408437,129.0140767,236
2_0_shp,35.2406028,129.0141142,237
2_0_shp,35.2403035,129.0141351,238
2_0_shp,35.2401217,129.0141579,239
2_0_shp,35.2395946,129.0141166,240
2_0_shp,35.2382843,129.0140255,241
2_0_shp,35.2366599,129.0139417,242
2_0_shp,35.2345388,129.0137269,243
2_0_shp,35.23229,129.0133494,244
2_0_shp,35.2322216,129.0133377,245
2_0_shp,35.2308855,129.013056,246
2_0_shp,35.2308386,129.0130461,247
2_0_shp,35.2289216,129.0124852,248
2_0_shp,35.2284087,129.012285,249
2_0_shp,35.2282768,129.0121851,250
2_0_shp,35.2282952,129.0121991,251
2_0_shp,35.2272801,129.0114303,252
2_0_shp,35.2270506,129.0112565,253
2_0_shp,35.2268111,129.011073,254
2_0_shp,35.2266456,129.0109462,255
2_0_shp,35.2265392,129.0108646,256
2_0_shp,35.2262034,129.0106073,257
2_0_shp,35.2256093,129.0101605,258
2_0_shp,35.2254918,129.0100721,259
2_0_shp,35.2245394,129.0096965,260
2_0_shp,35.2240528,129.0095083,261
2_0_shp,35.222924,129.0090594,262
2_0_shp,35.2208875,129.0082075,263
2_0_shp,35.2206469,129.0080573,264
2_0_shp,35.2205318,129.0079576,265
2_0_shp,35.2193151,129.0067619,266
2_0_shp,35.2192235,129.0066718,267
2_0_shp,35.2181946,129.0055408,268
2_0_shp,35.2179189,129.00538,269
2_0_shp,35.2176387,129.0052348,270
2_0_shp,35.2171944,129.0051074,271
2_0_shp,35.2171637,129.0051017,272
2_0_shp,35.2148212,129.0045263,273
2_0_shp,35.2144237,129.0044303,274
2_0_shp,35.213666,129.0042339,275
2_0_shp,35.2134054,129.0041717,276
2_0_shp,35.2131824,129.0041921,277
2_0_shp,35.2112242,129.0048645,278
2_0_shp,35.2107798,129.0050608,279
2_0_shp,35.2098432,129.0053698,280
2_0_shp,35.2095815,129.0054131,281
2_0_shp,35.2093795,129.0054074,282
2_0_shp,35.2091176,129.0053419,283
2_0_shp,35.2071049,129.0048057,284
2_0_shp,35.2062229,129.004591,285
2_0_shp,35.2061238,129.0045605,286
2_0_shp,35.2058644,129.0044808,287
2_0_shp,35.2055062,129.0043317,288
2_0_shp,35.2053623,129.004229,289
2_0_shp,35.2051893,129.004033,290
2_0_shp,35.2050343,129.0037608,291
2_0_shp,35.2049268,129.0034345,292
2_0_shp,35.2046815,129.0025313,293
2_0_shp,35.2046753,129.0024969,294
2_0_shp,35.2046147,129.002163,295
2_0_shp,35.2044585,129.001302,296
2_0_shp,35.2044386,129.0012378,297
2_0_shp,35.2044309,129.0012131,298
2_0_shp,35.20437,129.0009714,299
2_0_shp,35.2042547,129.0007885,300
2_0_shp,35.203953,129.0005265,301
2_0_shp,35.2033739,129.0000392,302
2_0_shp,35.2030018,128.9997261,303
2_0_shp,35.2028827,128.9996216,304
2_0_shp,35.2009302,128.998002,305
2_0_shp,35.1997887,128.9971924,306
2_0_shp,35.199016,128.996587,307
2_0_shp,35.1979546,128.9957317,308
2_0_shp,35.1969455,128.9950174,309
2_0_shp,35.1964344,128.9946586,310
2_0_shp,35.196327,128.9945875,311
2_0_shp,35.1947908,128.9937177,312
2_0_shp,35.1932933,128.9929425,313
2_0_shp,35.1929902,128.9927102,314
2_0_shp,35.1927535,128.9924634,315
2_0_shp,35.1925067,128.9920069,316
2_0_shp,35.1917715,128.9899636,317
2_0_shp,35.1916912,128.9898113,318
2_0_shp,35.1915849,128.9896635,319
2_0_shp,35.191444,128.9895441,320
2_0_shp,35.1912673,128.9894301,321
2_0_shp,35.1908437,128.9891937,322
2_0_shp,35.1898674,128.988716,323
2_0_shp,35.1881532,128.9878915,324
2_0_shp,35.187752,128.987693,325
2_0_shp,35.1872237,128.9874328,326
2_0_shp,35.1865084,128.9870941,327
2_0_shp,35.1862624,128.9870034,328
2_0_shp,35.1857857,128.986883,329
2_0_shp,35.1843871,128.9865558,330
2_0_shp,35.1833935,128.9863125,331
2_0_shp,35.1825962,128.986119,332
2_0_shp,35.1815186,128.9858518,333
2_0_shp,35.1812341,128.9857985,334
2_0_shp,35.1798832,128.9854634,335
2_0_shp,35.1785897,128.9851445,336
2_0_shp,35.17776,128.9849467,337
2_0_shp,35.1767155,128.9846825,338
2_0_shp,35.1711146,128.9829223,339
2_0_shp,35.1705445,128.982739,340
2_0_shp,35.1698296,128.9825275,341
2_0_shp,35.1689494,128.9822603,342
2_0_shp,35.1685833,128.982173,343
2_0_shp,35.1683306,128.9821361,344
2_0_shp,35.1681209,128.9821162,345
2_0_shp,35.1678571,128.9820805,346
2_0_shp,35.1675779,128.9820979,347
2_0_shp,35.1672488,128.9821628,348
2_0_shp,35.1668676,128.9822865,349
2_0_shp,35.1644358,128.9835302,350
2_0_shp,35.1625081,128.984509,351
2_0_shp,35.1622166,128.9846663,352
2_0_shp,35.1620384,128.9847909,353
2_0_shp,35.1618462,128.9849384,354
2_0_shp,35.1601402,128.9865853,355
2_0_shp,35.1594904,128.9872219,356
2_0_shp,35.1590811,128.9876206,357
2_0_shp,35.1575418,128.9890907,358
2_0_shp,35.1573554,128.9892677,359
2_0_shp,35.1561275,128.9904353,360
2_0_shp,35.1557054,128.9908801,361
2_0_shp,35.1553858,128.9913203,362
2_0_shp,35.1551886,128.9915849,363
2_0_shp,35.1542853,128.9929074,364
2_0_shp,35.1532839,128.9943118,365
2_0_shp,35.1530139,128.9946905,366
2_0_shp,35.15211,128.995988,367
2_0_shp,35.1520517,128.9960837,368
2_0_shp,35.1519722,128.9962141,369
2_0_shp,35.1517998,128.996497,370
2_0_shp,35.1512171,128.997773,371
2_0_shp,35.1509554,128.9983713,372
2_0_shp,35.1506732,128.9989771,373
2_0_shp,35.1504844,128.9995478,374
2_0_shp,35.1504024,128.9999562,375
2_0_shp,35.150363,129.0004922,376
2_0_shp,35.1503504,129.0009872,377
2_0_shp,35.1503467,129.0013998,378
2_0_shp,35.1504103,129.0022384,379
2_0_shp,35.150504,129.00315,380
2_0_shp,35.1505729,129.0039194,381
2_0_shp,35.1506066,129.0043051,382
2_0_shp,35.1506988,129.005297,383
2_0_shp,35.1507514,129.0058998,384
2_0_shp,35.1509301,129.0079005,385
2_0_shp,35.1510627,129.0096131,386
2_0_shp,35.1511642,129.0107573,387
2_0_shp,35.1512851,129.0124257,388
2_0_shp,35.151315,129.0128221,389
2_0_shp,35.1514394,129.0142465,390
2_0_shp,35.1514933,129.0149345,391
2_0_shp,35.1515609,129.0154891,392
2_0_shp,35.1516614,129.0160019,393
2_0_shp,35.1518055,129.0165374,394
2_0_shp,35.1519866,129.0170015,395
2_0_shp,35.1522166,129.0174309,396
2_0_shp,35.1524135,129.0178087,397
2_0_shp,35.1526226,129.0181579,398
2_0_shp,35.1527881,129.0184651,399
2_0_shp,35.1528853,129.0187022,400
2_0_shp,35.1529713,129.0189716,401
2_0_shp,35.1530864,129.0194053,402
2_0_shp,35.1531748,129.0197948,403
2_0_shp,35.1532396,129.0201367,404
2_0_shp,35.1532666,129.0204746,405
2_0_shp,35.153245,129.0230402,406
2_0_shp,35.1532091,129.0243274,407
2_0_shp,35.1531929,129.0255158,408
2_0_shp,35.1531996,129.0263254,409
2_0_shp,35.1532301,129.0273599,410
2_0_shp,35.1533163,129.028141,411
2_0_shp,35.153531,129.0295272,412
2_0_shp,35.1536781,129.0303309,413
2_0_shp,35.1538207,129.0312601,414
2_0_shp,35.1539803,129.0321386,415
2_0_shp,35.1542294,129.0334756,416
2_0_shp,35.1545702,129.0354106,417
2_0_shp,35.1548041,129.0368226,418
2_0_shp,35.1549302,129.0376293,419
2_0_shp,35.1550124,129.0382335,420
2_0_shp,35.1550951,129.0387353,421
2_0_shp,35.1552236,129.0395018,422
2_0_shp,35.1553652,129.0403385,423
2_0_shp,35.1555746,129.0414169,424
2_0_shp,35.1558284,129.0426874,425
2_0_shp,35.1562953,129.0453101,426
2_0_shp,35.156405,129.0459306,427
2_0_shp,35.1565409,129.0465993,428
2_0_shp,35.1568236,129.0479255,429
2_0_shp,35.1571272,129.0491604,430
2_0_shp,35.1573491,129.0501205,431
2_0_shp,35.157439,129.0505061,432
2_0_shp,35.1575383,129.0509502,433
2_0_shp,35.1575672,129.0511192,434
2_0_shp,35.1575868,129.0513695,435
2_0_shp,35.1576032,129.0523769,436
2_0_shp,35.1576055,129.0531381,437
2_0_shp,35.1576046,129.0536522,438
2_0_shp,35.1576001,129.0547684,439
2_0_shp,35.1576126,129.0559493,440
2_0_shp,35.1576989,129.0582466,441
2_0_shp,35.1577084,129.0591028,442
2_0_shp,35.157709,129.0591639,443
2_0_shp,35.1577168,129.0598823,444
2_0_shp,35.157752,129.0623772,445
2_0_shp,35.1577582,129.063848,446
2_0_shp,35.1577669,129.0643933,447
2_0_shp,35.1577521,129.0647236,448
2_0_shp,35.1577087,129.0648948,449
2_0_shp,35.1576423,129.0650369,450
2_0_shp,35.15755,129.0651564,451
2_0_shp,35.1574165,129.0652693,452
2_0_shp,35.1572852,129.0653456,453
2_0_shp,35.1570663,129.0654293,454
2_0_shp,35.1568704,129.0654684,455
2_0_shp,35.1566447,129.0654867,456
2_0_shp,35.1563249,129.06548,457
2_0_shp,35.1559213,129.0654507,458
2_0_shp,35.1553648,129.0653935,459
2_0_shp,35.1549671,129.0653791,460
2_0_shp,35.1544418,129.0653677,461
2_0_shp,35.1528193,129.0653641,462
2_0_shp,35.150969,129.0653885,463
2_0_shp,35.1505451,129.0654281,464
2_0_shp,35.1501434,129.0654727,465
2_0_shp,35.1498275,129.0655435,466
2_0_shp,35.1492228,129.0657636,467
2_0_shp,35.1487535,129.0660337,468
2_0_shp,35.1480641,129.0664309,469
2_0_shp,35.1478742,129.0665166,470
2_0_shp,35.1476813,129.06659,471
2_0_shp,35.147467,129.0666512,472
2_0_shp,35.1471453,129.0666859,473
2_0_shp,35.1468901,129.0666934,474
2_0_shp,35.1457278,129.0667134,475
2_0_shp,35.1450931,129.0667366,476
2_0_shp,35.1445891,129.066737,477
2_0_shp,35.1433769,129.0667654,478
2_0_shp,35.141638,129.0667853,479
2_0_shp,35.1413073,129.0668073,480
2_0_shp,35.1408899,129.0668417,481
2_0_shp,35.1405895,129.0668781,482
2_0_shp,35.14028,129.0669384,483
2_0_shp,35.1399065,129.0670375,484
2_0_shp,35.1396392,129.067133,485
2_0_shp,35.1391392,129.0673312,486
2_0_shp,35.1388027,129.0674824,487
2_0_shp,35.1383519,129.0676806,488
2_0_shp,35.1378616,129.0679121,489
2_0_shp,35.1375414,129.068148,490
2_0_shp,35.1373345,129.0684099,491
2_0_shp,35.1371249,129.0687598,492
2_0_shp,35.1370351,129.0689966,493
2_0_shp,35.1369869,129.0692457,494
2_0_shp,35.1369602,129.0696932,495
2_0_shp,35.1369262,129.0703613,496
2_0_shp,35.1368808,129.0708716,497
2_0_shp,35.1368251,129.0712686,498
2_0_shp,35.1366874,129.0719558,499
2_0_shp,35.136535,129.0724965,500
2_0_shp,35.1363507,129.0729358,501
2_0_shp,35.1360603,129.0734673,502
2_0_shp,35.135668,129.074224,503
2_0_shp,35.1348873,129.0759125,504
2_0_shp,35.1339573,129.0777579,505
2_0_shp,35.1337994,129.0782407,506
2_0_shp,35.1337208,129.0787195,507
2_0_shp,35.1337713,129.0791631,508
2_0_shp,35.1340613,129.0798945,509
2_0_shp,35.1344824,129.0810425,510
2_0_shp,35.1345841,129.0820267,511
2_0_shp,35.1346527,129.0826481,512
2_0_shp,35.134758,129.084783,513
2_0_shp,35.1348698,129.0857509,514
2_0_shp,35.1349562,129.0878017,515
2_0_shp,35.1351018,129.0905588,516
2_0_shp,35.1351054,129.0906985,517
2_0_shp,35.135148,129.092172,518
2_0_shp,35.1351732,129.0924237,519
2_0_shp,35.1353862,129.0944321,520
2_0_shp,35.1358613,129.0965441,521
2_0_shp,35.136597,129.0981872,522
2_0_shp,35.1370622,129.0993329,523
2_0_shp,35.1372598,129.099838,524
2_0_shp,35.137558,129.100531,525
2_0_shp,35.1387989,129.1029688,526
2_0_shp,35.1388501,129.1030694,527
2_0_shp,35.1389044,129.1031761,528
2_0_shp,35.1400375,129.1055134,529
2_0_shp,35.1405903,129.1062215,530
2_0_shp,35.1421344,129.1078416,531
2_0_shp,35.1430058,129.1087335,532
2_0_shp,35.1432736,129.1090019,533
2_0_shp,35.1437311,129.1092148,534
2_0_shp,35.144547,129.1094187,535
2_0_shp,35.149756,129.11097,536
2_0_shp,35.1576778,129.1130574,537
2_0_shp,35.157916,129.11317,538
2_0_shp,35.1595286,129.1134436,539
2_0_shp,35.1618114,129.1139108,540
2_0_shp,35.1632397,129.1142032,541
2_0_shp,35.1647435,129.1145264,542
2_0_shp,35.1650352,129.1145891,543
2_0_shp,35.1654182,129.1146714,544
2_0_shp,35.1666945,129.1149457,545
2_0_shp,35.1669896,129.115021,546
2_0_shp,35.1672812,129.1152064,547
2_0_shp,35.1674665,129.1154435,548
2_0_shp,35.1675912,129.1156939,549
2_0_shp,35.1680188,129.1171129,550
2_0_shp,35.1685021,129.1185591,551
2_0_shp,35.1684056,129.1193638,552
2_0_shp,35.168239,129.1205869,553
2_0_shp,35.167283,129.1216812,554
2_0_shp,35.1670713,129.1220012,555
2_0_shp,35.1670183,129.1220812,556
2_0_shp,35.1662735,129.1232069,557
2_0_shp,35.1658972,129.1239986,558
2_0_shp,35.1656867,129.1247604,559
2_0_shp,35.1657744,129.1254792,560
2_0_shp,35.1658569,129.1257284,561
2_0_shp,35.1662998,129.1268332,562
2_0_shp,35.1665622,129.1273281,563
2_0_shp,35.166578,129.1273578,564
2_0_shp,35.1668604,129.1278904,565
2_0_shp,35.1675628,129.129215,566
2_0_shp,35.1686251,129.1311985,567
2_0_shp,35.1693801,129.1326081,568
2_0_shp,35.1699759,129.1336176,569
2_0_shp,35.1703588,129.1343571,570
2_0_shp,35.1707648,129.135339,571
2_0_shp,35.1707881,129.135778,572
2_0_shp,35.1707473,129.1361866,573
2_0_shp,35.1703702,129.1369913,574
2_0_shp,35.168842,129.1384745,575
2_0_shp,35.1637264,129.1434393,576
2_0_shp,35.1624765,129.1458305,577
2_0_shp,35.1615641,129.1475479,578
2_0_shp,35.161277,129.1480904,579
2_0_shp,35.1608983,129.148929,580
2_0_shp,35.1605727,129.149691,581
2_0_shp,35.160269,129.1502794,582
2_0_shp,35.1601545,129.150636,583
2_0_shp,35.1601489,129.1512944,584
2_0_shp,35.1602703,129.1518434,585
2_0_shp,35.1610592,129.1540555,586
2_0_shp,35.161442,129.154772,587
2_0_shp,35.1622301,129.1562088,588
2_0_shp,35.1636846,129.1588087,589
2_0_shp,35.1643536,129.1600046,590
2_0_shp,35.1660332,129.1630021,591
2_0_shp,35.1662671,129.1635919,592
2_0_shp,35.1663865,129.164368,593
2_0_shp,35.1666518,129.1678104,594
2_0_shp,35.1667004,129.1687279,595
2_0_shp,35.1668071,129.1707439,596
2_0_shp,35.1668542,129.1716259,597
2_0_shp,35.1669228,129.1719554,598
2_0_shp,35.1670067,129.1722248,599
2_0_shp,35.1671393,129.1725405,600
2_0_shp,35.1672981,129.1728293,601
2_0_shp,35.1676685,129.1733534,602
2_0_shp,35.1684025,129.1743649,603
2_0_shp,35.1691877,129.1754469,604
2_0_shp,35.1694514,129.1759213,605
3_1_shp,35.1654182,129.1146714,0
3_1_shp,35.1668007,129.1150349,1
3_1_shp,35.1669849,129.1150563,2
3_1_shp,35.1673125,129.1149834,3
3_1_shp,35.1674083,129.11493,4
3_1_shp,35.1675067,129.1148525,5
3_1_shp,35.1676909,129.1146593,6
3_1_shp,35.1679314,129.114308,7
3_1_shp,35.1679443,129.1142892,8
3_1_shp,35.1680097,129.1141937,9
3_1_shp,35.168131,129.1140165,10
3_1_shp,35.1681435,129.1139982,11
3_1_shp,35.1699035,129.1114275,12
3_1_shp,35.1710763,129.1097402,13
3_1_shp,35.1712254,129.1094451,14
3_1_shp,35.1713569,129.1090052,15
3_1_shp,35.1715035,129.1084416,16
3_1_shp,35.1716463,129.1078573,17
3_1_shp,35.1717331,129.1075159,18
3_1_shp,35.1725189,129.104424,19
3_1_shp,35.1729355,129.1027181,20
3_1_shp,35.1731109,129.1019188,21
3_1_shp,35.1731408,129.1012666,22
3_1_shp,35.1731298,129.101143,23
3_1_shp,35.1731355,129.1009118,24
3_1_shp,35.1731504,129.1002988,25
3_1_shp,35.1731923,129.0981131,26
3_1_shp,35.1733501,129.0965949,27
3_1_shp,35.1734626,129.0957491,28
3_1_shp,35.1734968,129.0954923,29
3_1_shp,35.1736882,129.0940635,30
3_1_shp,35.173795,129.093266,31
3_1_shp,35.1739073,129.0923121,32
3_1_shp,35.1741063,129.0906214,33
3_1_shp,35.1745097,129.0875368,34
3_1_shp,35.1745843,129.0872203,35
3_1_shp,35.1746373,129.0871,36
3_1_shp,35.1747026,129.0869521,37
3_1_shp,35.174821,129.0867644,38
3_1_shp,35.1749877,129.0866142,39
3_1_shp,35.1753867,129.0863567,40
3_1_shp,35.1757725,129.0861743,41
3_1_shp,35.1763564,129.0859514,42
3_1_shp,35.1764209,129.0859268,43
3_1_shp,35.1764541,129.0859125,44
3_1_shp,35.1766388,129.0858331,45
3_1_shp,35.1774356,129.0854905,46
3_1_shp,35.1774773,129.0854726,47
3_1_shp,35.1778412,129.0853144,48
3_1_shp,35.1780336,129.0852282,49
3_1_shp,35.178619,129.0849842,50
3_1_shp,35.1788677,129.0848703,51
3_1_shp,35.1797512,129.084499,52
3_1_shp,35.179828,129.0844668,53
3_1_shp,35.1798806,129.084444,54
3_1_shp,35.1809841,129.0839876,55
3_1_shp,35.1815124,129.083766,56
3_1_shp,35.18253,129.0833073,57
3_1_shp,35.1825826,129.0832831,58
3_1_shp,35.1828055,129.0832131,59
3_1_shp,35.1831637,129.0830684,60
3_1_shp,35.1844568,129.082562,61
3_1_shp,35.1846557,129.0824836,62
3_1_shp,35.1853994,129.0821598,63
3_1_shp,35.1856202,129.0819632,64
3_1_shp,35.1857434,129.0818394,65
3_1_shp,35.1858506,129.0817087,66
3_1_shp,35.1859918,129.0815013,67
3_1_shp,35.1860894,129.081298,68
3_1_shp,35.1862353,129.0810174,69
3_1_shp,35.1863436,129.0807509,70
3_1_shp,35.186469,129.0804118,71
3_1_shp,35.1864821,129.0803772,72
3_1_shp,35.1867666,129.079628,73
3_1_shp,35.1873564,129.0780526,74
3_1_shp,35.1876282,129.0772962,75
3_1_shp,35.1877812,129.0767872,76
3_1_shp,35.1879294,129.07615,77
3_1_shp,35.1879398,129.076103,78
3_1_shp,35.1881587,129.0751558,79
3_1_shp,35.1882883,129.0746437,80
3_1_shp,35.1884481,129.0742331,81
3_1_shp,35.1885438,129.0739981,82
3_1_shp,35.1887617,129.0734632,83
3_1_shp,35.1888541,129.0732567,84
3_1_shp,35.1889423,129.0730567,85
3_1_shp,35.1891737,129.0726355,86
3_1_shp,35.1898462,129.0712552,87
3_1_shp,35.1901736,129.0705707,88
3_1_shp,35.1907293,129.069342,89
3_1_shp,35.1908589,129.0690818,90
3_1_shp,35.1909419,129.0688135,91
3_1_shp,35.1909793,129.0686848,92
3_1_shp,35.1909929,129.0685106,93
3_1_shp,35.1909906,129.0680891,94
3_1_shp,35.1910362,129.0677584,95
3_1_shp,35.1911372,129.0676273,96
3_1_shp,35.1912785,129.0675398,97
3_1_shp,35.1914648,129.0674868,98
3_1_shp,35.1918753,129.0673849,99
3_1_shp,35.1955588,129.0662401,100
3_1_shp,35.1962326,129.0660135,101
3_1_shp,35.1984783,129.0652584,102
3_1_shp,35.1990904,129.0650666,103
3_1_shp,35.1996268,129.0648986,104
3_1_shp,35.2000608,129.0648078,105
3_1_shp,35.2003326,129.0647863,106
3_1_shp,35.2005561,129.0648239,107
3_1_shp,35.2007665,129.0648829,108
3_1_shp,35.201069,129.0650599,109
3_1_shp,35.2017448,129.0654667,110
3_1_shp,35.2027301,129.0661531,111
3_1_shp,35.2036655,129.0667917,112
3_1_shp,35.2042159,129.0671675,113
3_1_shp,35.2059179,129.068318,114
3_1_shp,35.2065443,129.0687047,115
3_1_shp,35.206881,129.0689368,116
3_1_shp,35.2071889,129.0691444,117
3_1_shp,35.2072937,129.0691915,118
3_1_shp,35.2073735,129.0692166,119
3_1_shp,35.207474,129.0692239,120
3_1_shp,35.2075503,129.0692178,121
3_1_shp,35.2076055,129.0692068,122
3_1_shp,35.2076637,129.0691837,123
3_1_shp,35.2077595,129.0691238,124
3_1_shp,35.2079305,129.0689843,125
3_1_shp,35.2080397,129.0688758,126
3_1_shp,35.208143,129.0687308,127
3_1_shp,35.2082643,129.0684821,128
3_1_shp,35.2083393,129.0682937,129
3_1_shp,35.2084883,129.0678616,130
3_1_shp,35.2085423,129.0676056,131
3_1_shp,35.2088217,129.0666881,132
3_1_shp,35.2090283,129.0659178,133
3_1_shp,35.2096292,129.0636972,134
3_1_shp,35.2101418,129.0616914,135
3_1_shp,35.2126515,129.0464494,136
3_1_shp,35.2130032,129.0444144,137
3_1_shp,35.2131147,129.0436867,138
3_1_shp,35.2132028,129.0424525,139
3_1_shp,35.2130056,129.0402738,140
3_1_shp,35.2127763,129.0386834,141
3_1_shp,35.2128272,129.0381798,142
3_1_shp,35.2128983,129.0372391,143
3_1_shp,35.2129876,129.0364611,144
3_1_shp,35.2130437,129.0359475,145
3_1_shp,35.2131576,129.0349175,146
3_1_shp,35.2132321,129.0335121,147
3_1_shp,35.2132453,129.0330561,148
3_1_shp,35.2132146,129.0325679,149
3_1_shp,35.213013,129.031318,150
3_1_shp,35.2128771,129.0304007,151
3_1_shp,35.2127676,129.0294244,152
3_1_shp,35.2127568,129.0286546,153
3_1_shp,35.212807,129.0281155,154
3_1_shp,35.2128478,129.027972,155
3_1_shp,35.2130174,129.0273752,156
3_1_shp,35.213127,129.0267851,157
3_1_shp,35.2132409,129.0257873,158
3_1_shp,35.2132716,129.0248968,159
3_1_shp,35.2133222,129.0243523,160
3_1_shp,35.2133254,129.023926,161
3_1_shp,35.2133286,129.0234913,162
3_1_shp,35.213219,129.0202834,163
3_1_shp,35.2131533,129.0185185,164
3_1_shp,35.2131445,129.0179123,165
3_1_shp,35.21307,129.017333,166
3_1_shp,35.2129692,129.0168126,167
3_1_shp,35.2119767,129.0127544,168
3_1_shp,35.2108562,129.008173,169
3_1_shp,35.2105285,129.0068897,170
3_1_shp,35.2103541,129.0062761,171
3_1_shp,35.2102432,129.0057893,172
3_1_shp,35.2100833,129.0052764,173
3_1_shp,35.2098992,129.0043538,174
3_1_shp,35.209796,129.0039863,175
3_1_shp,35.2097477,129.0034928,176
3_1_shp,35.2097565,129.0029349,177
3_1_shp,35.2098486,129.0024682,178
3_1_shp,35.2100195,129.0019049,179
3_1_shp,35.2100852,129.0015455,180
3_1_shp,35.2100852,129.0011914,181
3_1_shp,35.2100721,129.0007784,182
3_1_shp,35.2099827,129.0003164,183
3_1_shp,35.2098471,128.99988,184
3_1_shp,35.2097436,128.9996542,185
3_1_shp,35.2096287,128.9994412,186
3_1_shp,35.209501,128.9992496,187
3_1_shp,35.2093609,128.9990782,188
3_1_shp,35.2092044,128.9988967,189
3_1_shp,35.2083723,128.9980447,190
3_1_shp,35.2083333,128.9980044,191
3_1_shp,35.2072413,128.9968777,192
3_1_shp,35.2067105,128.9963297,193
3_1_shp,35.2061914,128.9957938,194
3_1_shp,35.2061397,128.9957407,195
3_1_shp,35.2059955,128.9955643,196
3_1_shp,35.2058637,128.9953576,197
3_1_shp,35.2057195,128.9950702,198
3_1_shp,35.2056536,128.9948686,199
3_1_shp,35.2055919,128.9945963,200
3_1_shp,35.2055589,128.994314,201
3_1_shp,35.2055548,128.9940468,202
3_1_shp,35.2055754,128.99383,203
3_1_shp,35.2056124,128.9936284,204
3_1_shp,35.2056578,128.9934217,205
3_1_shp,35.2057195,128.9932402,206
3_1_shp,35.2058061,128.9930335,207
3_1_shp,35.2058738,128.9928941,208
3_1_shp,35.205985,128.9927076,209
3_1_shp,35.2060756,128.9925664,210
3_1_shp,35.207575,128.9903432,211
3_1_shp,35.2101083,128.9866075,212
3_1_shp,35.2103595,128.9862092,213
3_1_shp,35.2105746,128.9857551,214
3_1_shp,35.2107502,128.9852409,215
3_1_shp,35.2108556,128.9848752,216
3_1_shp,35.210947,128.9844576,217
3_1_shp,35.2110106,128.9840444,218
3_1_shp,35.2111676,128.982651,219
3_1_shp,35.2112369,128.9819597,220
3_1_shp,35.2113301,128.9810307,221
3_1_shp,35.2114442,128.9799823,222
3_1_shp,35.2114964,128.9793452,223
3_1_shp,35.2116338,128.9780601,224
3_1_shp,35.2124328,128.970123,225
3_1_shp,35.2125086,128.9693851,226
3_1_shp,35.2125992,128.9685028,227
3_1_shp,35.2126626,128.9678306,228
3_1_shp,35.2128861,128.9656768,229
3_1_shp,35.2129783,128.9647619,230
3_1_shp,35.2130758,128.9637947,231
3_1_shp,35.2131214,128.9633414,232
3_1_shp,35.2131821,128.9627393,233
3_1_shp,35.2132169,128.9624742,234
3_1_shp,35.2133101,128.9618623,235
3_1_shp,35.2133112,128.9618388,236
3_1_shp,35.2134159,128.9607978,237
3_0_shp,35.2134159,128.9607978,0
3_0_shp,35.2133112,128.9618388,1
3_0_shp,35.2133101,128.9618623,2
3_0_shp,35.2132169,128.9624742,3
3_0_shp,35.2131821,128.9627393,4
3_0_shp,35.2131214,128.9633414,5
3_0_shp,35.2130758,128.9637947,6
3_0_shp,35.2129783,128.9647619,7
3_0_shp,35.2128861,128.9656768,8
3_0_shp,35.2126626,128.9678306,9
3_0_shp,35.2125992,128.9685028,10
3_0_shp,35.2125086,128.9693851,11
3_0_shp,35.2124328,128.970123,12
3_0_shp,35.2116338,128.9780601,13
3_0_shp,35.2114964,128.9793452,14
3_0_shp,35.2114442,128.9799823,15
3_0_shp,35.2113301,128.9810307,16
3_0_shp,35.2112369,128.9819597,17
3_0_shp,35.2111676,128.982651,18
3_0_shp,35.2110106,128.9840444,19
3_0_shp,35.210947,128.9844576,20
3_0_shp,35.2108556,128.9848752,21
3_0_shp,35.2107502,128.9852409,22
3_0_shp,35.2105746,128.9857551,23
3_0_shp,35.2103595,128.9862092,24
3_0_shp,35.2101083,128.9866075,25
3_0_shp,35.207575,128.9903432,26
3_0_shp,35.2060756,128.9925664,27
3_0_shp,35.205985,128.9927076,28
3_0_shp,35.2058738,128.9928941,29
3_0_shp,35.2058061,128.9930335,30
3_0_shp,35.2057195,128.9932402,31
3_0_shp,35.2056578,128.9934217,32
3_0_shp,35.2056124,128.9936284,33
3_0_shp,35.2055754,128.99383,34
3_0_shp,35.2055548,128.9940468,35
3_0_shp,35.2055589,128.994314,36
3_0_shp,35.2055919,128.9945963,37
3_0_shp,35.2056536,128.9948686,38
3_0_shp,35.2057195,128.9950702,39
3_0_shp,35.2058637,128.9953576,40
3_0_shp,35.2059955,128.9955643,41
3_0_shp,35.2061397,128.9957407,42
3_0_shp,35.2061914,128.9957938,43
3_0_shp,35.2067105,128.9963297,44
3_0_shp,35.2072413,128.9968777,45
3_0_shp,35.2083333,128.9980044,46
3_0_shp,35.2083723,128.9980447,47
3_0_shp,35.2092044,128.9988967,48
3_0_shp,35.2093609,128.9990782,49
3_0_shp,35.209501,128.9992496,50
3_0_shp,35.2096287,128.9994412,51
3_0_shp,35.2097436,128.9996542,52
3_0_shp,35.2098471,128.99988,53
3_0_shp,35.2099827,129.0003164,54
3_0_shp,35.2100721,129.0007784,55
3_0_shp,35.2100852,129.0011914,56
3_0_shp,35.2100852,129.0015455,57
3_0_shp,35.2100195,129.0019049,58
3_0_shp,35.2098486,129.0024682,59
3_0_shp,35.2097565,129.0029349,60
3_0_shp,35.2097477,129.0034928,61
3_0_shp,35.209796,129.0039863,62
3_0_shp,35.2098992,129.0043538,63
3_0_shp,35.2100833,129.0052764,64
3_0_shp,35.2102432,129.0057893,65
3_0_shp,35.2103541,129.0062761,66
3_0_shp,35.2105285,129.0068897,67
3_0_shp,35.2108562,129.008173,68
3_0_shp,35.2119767,129.0127544,69
3_0_shp,35.2129692,129.0168126,70
3_0_shp,35.21307,129.017333,71
3_0_shp,35.2131445,129.0179123,72
3_0_shp,35.2131533,129.0185185,73
3_0_shp,35.213219,129.0202834,74
3_0_shp,35.2133286,129.0234913,75
3_0_shp,35.2133254,129.023926,76
3_0_shp,35.2133222,129.0243523,77
3_0_shp,35.2132716,129.0248968,78
3_0_shp,35.2132409,129.0257873,79
3_0_shp,35.213127,129.0267851,80
3_0_shp,35.2130174,129.0273752,81
3_0_shp,35.2128478,129.027972,82
3_0_shp,35.212807,129.0281155,83
3_0_shp,35.2127568,129.0286546,84
3_0_shp,35.2127676,129.0294244,85
3_0_shp,35.2128771,129.0304007,86
3_0_shp,35.213013,129.031318,87
3_0_shp,35.2132146,129.0325679,88
3_0_shp,35.2132453,129.0330561,89
3_0_shp,35.2132321,129.0335121,90
3_0_shp,35.2131576,129.0349175,91
3_0_shp,35.2130437,129.0359475,92
3_0_shp,35.2129876,129.0364611,93
3_0_shp,35.2128983,129.0372391,94
3_0_shp,35.2128272,129.0381798,95
3_0_shp,35.2127763,129.0386834,96
3_0_shp,35.2130056,129.0402738,97
3_0_shp,35.2132028,129.0424525,98
3_0_shp,35.2131147,129.0436867,99
3_0_shp,35.2130032,129.0444144,100
3_0_shp,35.2126515,129.0464494,101
3_0_shp,35.2101418,129.0616914,102
3_0_shp,35.2096292,129.0636972,103
3_0_shp,35.2090283,129.0659178,104
3_0_shp,35.2088217,129.0666881,105
3_0_shp,35.2085423,129.0676056,106
3_0_shp,35.2084883,129.0678616,107
3_0_shp,35.2083393,129.0682937,108
3_0_shp,35.2082643,129.0684821,109
3_0_shp,35.208143,129.0687308,110
3_0_shp,35.2080397,129.0688758,111
3_0_shp,35.2079305,129.0689843,112
3_0_shp,35.2077595,129.0691238,113
3_0_shp,35.2076637,129.0691837,114
3_0_shp,35.2076055,129.0692068,115
3_0_shp,35.2075503,129.0692178,116
3_0_shp,35.207474,129.0692239,117
3_0_shp,35.2073735,129.0692166,118
3_0_shp,35.2072937,129.0691915,119
3_0_shp,35.2071889,129.0691444,120
3_0_shp,35.206881,129.0689368,121
3_0_shp,35.2065443,129.0687047,122
3_0_shp,35.2059179,129.068318,123
3_0_shp,35.2042159,129.0671675,124
3_0_shp,35.2036655,129.0667917,125
3_0_shp,35.2027301,129.0661531,126
3_0_shp,35.2017448,129.0654667,127
3_0_shp,35.201069,129.0650599,128
3_0_shp,35.2007665,129.0648829,129
3_0_shp,35.2005561,129.0648239,130
3_0_shp,35.2003326,129.0647863,131
3_0_shp,35.2000608,129.0648078,132
3_0_shp,35.1996268,129.0648986,133
3_0_shp,35.1990904,129.0650666,134
3_0_shp,35.1984783,129.0652584,135
3_0_shp,35.1962326,129.0660135,136
3_0_shp,35.1955588,129.0662401,137
3_0_shp,35.1918753,129.0673849,138
3_0_shp,35.1914648,129.0674868,139
3_0_shp,35.1912785,129.0675398,140
3_0_shp,35.1911372,129.0676273,141
3_0_shp,35.1910362,129.0677584,142
3_0_shp,35.1909906,129.0680891,143
3_0_shp,35.1909929,129.0685106,144
3_0_shp,35.1909793,129.0686848,145
3_0_shp,35.1909419,129.0688135,146
3_0_shp,35.1908589,129.0690818,147
3_0_shp,35.1907293,129.069342,148
3_0_shp,35.1901736,129.0705707,149
3_0_shp,35.1898462,129.0712552,150
3_0_shp,35.1891737,129.0726355,151
3_0_shp,35.1889423,129.0730567,152
3_0_shp,35.1888541,129.0732567,153
3_0_shp,35.1887617,129.0734632,154
3_0_shp,35.1885438,129.0739981,155
3_0_shp,35.1884481,129.0742331,156
3_0_shp,35.1882883,129.0746437,157
3_0_shp,35.1881587,129.0751558,158
3_0_shp,35.1879398,129.076103,159
3_0_shp,35.1879294,129.07615,160
3_0_shp,35.1877812,129.0767872,161
3_0_shp,35.1876282,129.0772962,162
3_0_shp,35.1873564,129.0780526,163
3_0_shp,35.1867666,129.079628,164
3_0_shp,35.1864821,129.0803772,165
3_0_shp,35.186469,129.0804118,166
3_0_shp,35.1863436,129.0807509,167
3_0_shp,35.1862353,129.0810174,168
3_0_shp,35.1860894,129.081298,169
3_0_shp,35.1859918,129.0815013,170
3_0_shp,35.1858506,129.0817087,171
3_0_shp,35.1857434,129.0818394,172
3_0_shp,35.1856202,129.0819632,173
3_0_shp,35.1853994,129.0821598,174
3_0_shp,35.1846557,129.0824836,175
3_0_shp,35.1844568,129.082562,176
3_0_shp,35.1831637,129.0830684,177
3_0_shp,35.1828055,129.0832131,178
3_0_shp,35.1825826,129.0832831,179
3_0_shp,35.18253,129.0833073,180
3_0_shp,35.1815124,129.083766,181
3_0_shp,35.1809841,129.0839876,182
3_0_shp,35.1798806,129.084444,183
3_0_shp,35.179828,129.0844668,184
3_0_shp,35.1797512,129.084499,185
3_0_shp,35.1788677,129.0848703,186
3_0_shp,35.178619,129.0849842,187
3_0_shp,35.1780336,129.0852282,188
3_0_shp,35.1778412,129.0853144,189
3_0_shp,35.1774773,129.0854726,190
3_0_shp,35.1774356,129.0854905,191
3_0_shp,35.1766388,129.0858331,192
3_0_shp,35.1764541,129.0859125,193
3_0_shp,35.1764209,129.0859268,194
3_0_shp,35.1763564,129.0859514,195
3_0_shp,35.1757725,129.0861743,196
3_0_shp,35.1753867,129.0863567,197
3_0_shp,35.1749877,129.0866142,198
3_0_shp,35.174821,129.0867644,199
3_0_shp,35.1747026,129.0869521,200
3_0_shp,35.1746373,129.0871,201
3_0_shp,35.1745843,129.0872203,202
3_0_shp,35.1745097,129.0875368,203
3_0_shp,35.1741063,129.0906214,204
3_0_shp,35.1739073,129.0923121,205
3_0_shp,35.173795,129.093266,206
3_0_shp,35.1736882,129.0940635,207
3_0_shp,35.1734968,129.0954923,208
3_0_shp,35.1734626,129.0957491,209
3_0_shp,35.1733501,129.0965949,210
3_0_shp,35.1731923,129.0981131,211
3_0_shp,35.1731504,129.1002988,212
3_0_shp,35.1731355,129.1009118,213
3_0_shp,35.1731298,129.101143,214
3_0_shp,35.1731408,129.1012666,215
3_0_shp,35.1731109,129.1019188,216
3_0_shp,35.1729355,129.1027181,217
3_0_shp,35.1725189,129.104424,218
3_0_shp,35.1717331,129.1075159,219
3_0_shp,35.1716463,129.1078573,220
3_0_shp,35.1715035,129.1084416,221
3_0_shp,35.1713569,129.1090052,222
3_0_shp,35.1712254,129.1094451,223
3_0_shp,35.1710763,129.1097402,224
3_0_shp,35.1699035,129.1114275,225
3_0_shp,35.1681435,129.1139982,226
3_0_shp,35.168131,129.1140165,227
3_0_shp,35.1680097,129.1141937,228
3_0_shp,35.1679443,129.1142892,229
3_0_shp,35.1679314,129.114308,230
3_0_shp,35.1676909,129.1146593,231
3_0_shp,35.1675067,129.1148525,232
3_0_shp,35.1674083,129.11493,233
3_0_shp,35.1673125,129.1149834,234
3_0_shp,35.1669849,129.1150563,235
3_0_shp,35.1668007,129.1150349,236
3_0_shp,35.1654182,129.1146714,237
4_1_shp,35.2065213,129.068789,0
4_1_shp,35.2068335,129.068999,1
4_1_shp,35.2071704,129.0692123,2
4_1_shp,35.2074125,129.0693662,3
4_1_shp,35.207542,129.0694835,4
4_1_shp,35.2076001,129.0695639,5
4_1_shp,35.2076582,129.0696618,6
4_1_shp,35.2076998,129.0697731,7
4_1_shp,35.2077239,129.0698804,8
4_1_shp,35.207736,129.0699998,9
4_1_shp,35.2077239,129.0701366,10
4_1_shp,35.207696,129.0703057,11
4_1_shp,35.2074215,129.0709041,12
4_1_shp,35.2070248,129.071818,13
4_1_shp,35.2067287,129.0725273,14
4_1_shp,35.2047222,129.0772975,15
4_1_shp,35.2045114,129.0777953,16
4_1_shp,35.2042718,129.0783285,17
4_1_shp,35.2037367,129.0795868,18
4_1_shp,35.2030962,129.081145,19
4_1_shp,35.2023292,129.0826193,20
4_1_shp,35.2020588,129.0831122,21
4_1_shp,35.2019286,129.0834101,22
4_1_shp,35.2018116,129.0836791,23
4_1_shp,35.2017248,129.0838787,24
4_1_shp,35.2016062,129.0844214,25
4_1_shp,35.2014904,129.0850936,26
4_1_shp,35.2011816,129.0867612,27
4_1_shp,35.2009557,129.0880189,28
4_1_shp,35.2007787,129.0889784,29
4_1_shp,35.2007738,129.0889972,30
4_1_shp,35.2006886,129.0893748,31
4_1_shp,35.2006028,129.0896495,32
4_1_shp,35.20042,129.0902244,33
4_1_shp,35.2001883,129.0908233,34
4_1_shp,35.1998091,129.0920325,35
4_1_shp,35.1993941,129.0931341,36
4_1_shp,35.1991531,129.0938009,37
4_1_shp,35.1988073,129.0948762,38
4_1_shp,35.1986958,129.0952176,39
4_1_shp,35.1986213,129.0954803,40
4_1_shp,35.1985442,129.0957171,41
4_1_shp,35.1985306,129.0960723,42
4_1_shp,35.1985991,129.0964531,43
4_1_shp,35.1987038,129.0966586,44
4_1_shp,35.1988164,129.0968651,45
4_1_shp,35.1989719,129.0970469,46
4_1_shp,35.1992371,129.0972344,47
4_1_shp,35.1997237,129.0975688,48
4_1_shp,35.2010874,129.0982709,49
4_1_shp,35.201241,129.09835,50
4_1_shp,35.2020568,129.0987905,51
4_1_shp,35.2021352,129.0988328,52
4_1_shp,35.202481,129.0991826,53
4_1_shp,35.2029632,129.0996868,54
4_1_shp,35.2034278,129.1002662,55
4_1_shp,35.2036558,129.1005773,56
4_1_shp,35.2039012,129.1008133,57
4_1_shp,35.2047691,129.1013605,58
4_1_shp,35.2053788,129.1017618,59
4_1_shp,35.2060409,129.1021476,60
4_1_shp,35.2064154,129.1025352,61
4_1_shp,35.2068365,129.1030661,62
4_1_shp,35.2072872,129.1033767,63
4_1_shp,35.2079701,129.1034807,64
4_1_shp,35.2086558,129.1034732,65
4_1_shp,35.2092584,129.1035181,66
4_1_shp,35.2095889,129.1037481,67
4_1_shp,35.2098033,129.1040757,68
4_1_shp,35.2100091,129.1045585,69
4_1_shp,35.2102695,129.1050592,70
4_1_shp,35.2107596,129.1055263,71
4_1_shp,35.2117737,129.1064138,72
4_1_shp,35.2130228,129.1075237,73
4_1_shp,35.2136456,129.1080838,74
4_1_shp,35.2139476,129.1084094,75
4_1_shp,35.2140915,129.108638,76
4_1_shp,35.2143296,129.1098524,77
4_1_shp,35.2145466,129.1110406,78
4_1_shp,35.2146496,129.1115855,79
4_1_shp,35.2147847,129.1121687,80
4_1_shp,35.2152931,129.1137352,81
4_1_shp,35.2156261,129.1147008,82
4_1_shp,35.2157922,129.1152377,83
4_1_shp,35.2163098,129.1166105,84
4_1_shp,35.2168182,129.1182198,85
4_1_shp,35.2170636,129.1191639,86
4_1_shp,35.2172433,129.1204042,87
4_1_shp,35.2175545,129.1223182,88
4_1_shp,35.2176865,129.1232519,89
4_1_shp,35.2177158,129.1235153,90
4_1_shp,35.2177692,129.1238374,91
4_1_shp,35.2179752,129.1253008,92
4_1_shp,35.21819,129.1272707,93
4_1_shp,35.2184529,129.1288371,94
4_1_shp,35.2185581,129.1294808,95
4_1_shp,35.2185581,129.1298885,96
4_1_shp,35.2185055,129.1302533,97
4_1_shp,35.2183652,129.1309766,98
4_1_shp,35.2180672,129.1326811,99
4_1_shp,35.2179269,129.1334595,100
4_1_shp,35.2178793,129.134039,101
4_1_shp,35.2178943,129.1346827,102
4_1_shp,35.2179996,129.1356528,103
4_1_shp,35.2179947,129.1362331,104
4_1_shp,35.2180644,129.1368574,105
4_1_shp,35.2182201,129.1382518,106
4_1_shp,35.2182075,129.1388363,107
4_1_shp,35.2182425,129.1399092,108
4_1_shp,35.2182509,129.1403276,109
4_1_shp,35.2182947,129.140671,110
4_1_shp,35.2183561,129.1410465,111
4_1_shp,35.2184525,129.1413791,112
4_1_shp,35.2185927,129.1417117,113
4_1_shp,35.2187592,129.1420335,114
4_1_shp,35.2189345,129.1423018,115
4_1_shp,35.2191497,129.1425528,116
4_1_shp,35.2193991,129.1427953,117
4_1_shp,35.2196357,129.1429777,118
4_1_shp,35.2199561,129.1431858,119
4_1_shp,35.2203457,129.1433746,120
4_1_shp,35.2207011,129.143572,121
4_1_shp,35.2210079,129.1437974,122
4_1_shp,35.2212182,129.1440441,123
4_1_shp,35.221415,129.1443295,124
4_1_shp,35.2217961,129.144933,125
4_1_shp,35.2220387,129.1451948,126
4_1_shp,35.2222875,129.1453992,127
4_1_shp,35.2226771,129.1455633,128
4_1_shp,35.2230676,129.1456749,129
4_1_shp,35.2239177,129.1458251,130
4_1_shp,35.2251097,129.1459968,131
4_1_shp,35.2256484,129.1460921,132
4_1_shp,35.2267066,129.1463329,133
4_1_shp,35.2285301,129.1469582,134
4_1_shp,35.228783,129.1470685,135
4_1_shp,35.2290415,129.1472044,136
4_1_shp,35.2292848,129.1474105,137
4_1_shp,35.229495,129.14769,138
4_1_shp,35.2296914,129.1480469,139
4_1_shp,35.2298574,129.1484281,140
4_1_shp,35.2303175,129.1499547,141
4_1_shp,35.2304478,129.1502806,142
4_1_shp,35.2305383,129.150434,143
4_1_shp,35.2308891,129.1509921,144
4_1_shp,35.2310404,129.1512567,145
4_1_shp,35.2314286,129.1519808,146
4_1_shp,35.2315956,129.1522966,147
4_1_shp,35.2320907,129.1531518,148
4_1_shp,35.2325216,129.1539359,149
4_1_shp,35.2330537,129.1547579,150
4_1_shp,35.2335532,129.1556055,151
4_1_shp,35.2337898,129.1559703,152
4_1_shp,35.2340001,129.1561849,153
4_1_shp,35.2342591,129.1564252,154
4_1_shp,35.2346359,129.1567578,155
4_1_shp,35.2349514,129.1570582,156
4_1_shp,35.2351617,129.1573157,157
4_1_shp,35.2354106,129.1576547,158
4_1_shp,35.2356034,129.157998,159
4_1_shp,35.2357523,129.1584057,160
4_1_shp,35.2358487,129.158792,161
4_1_shp,35.2359276,129.1592319,162
4_1_shp,35.236024,129.1599614,163
4_1_shp,35.2361256,129.16047,164
4_1_shp,35.2362606,129.1615386,165
4_1_shp,35.236357,129.1624612,166
4_1_shp,35.236357,129.1628475,167
4_1_shp,35.2363307,129.1633303,168
4_1_shp,35.2361554,129.1648001,169
4_1_shp,35.2359854,129.1662635,170
4_1_shp,35.2359539,129.1666669,171
4_1_shp,35.2359539,129.167021,172
4_1_shp,35.2359977,129.1677506,173
4_1_shp,35.2360766,129.168169,174
4_1_shp,35.2362255,129.1687698,175
4_1_shp,35.2363997,129.1694014,176
4_1_shp,35.2365257,129.1698923,177
4_1_shp,35.2366254,129.1701436,178
4_1_shp,35.2367601,129.1704314,179
4_1_shp,35.23737649931006,129.17173259967822,180
4_0_shp,35.23737649931006,129.17173259967822,0
4_0_shp,35.2367601,129.1704314,1
4_0_shp,35.2366254,129.1701436,2
4_0_shp,35.2365257,129.1698923,3
4_0_shp,35.2363997,129.1694014,4
4_0_shp,35.2362255,129.1687698,5
4_0_shp,35.2360766,129.168169,6
4_0_shp,35.2359977,129.1677506,7
4_0_shp,35.2359539,129.167021,8
4_0_shp,35.2359539,129.1666669,9
4_0_shp,35.2359854,129.1662635,10
4_0_shp,35.2361554,129.1648001,11
4_0_shp,35.2363307,129.1633303,12
4_0_shp,35.236357,129.1628475,13
4_0_shp,35.236357,129.1624612,14
4_0_shp,35.2362606,129.1615386,15
4_0_shp,35.2361256,129.16047,16
4_0_shp,35.236024,129.1599614,17
4_0_shp,35.2359276,129.1592319,18
4_0_shp,35.2358487,129.158792,19
4_0_shp,35.2357523,129.1584057,20
4_0_shp,35.2356034,129.157998,21
4_0_shp,35.2354106,129.1576547,22
4_0_shp,35.2351617,129.1573157,23
4_0_shp,35.2349514,129.1570582,24
4_0_shp,35.2346359,129.1567578,25
4_0_shp,35.2342591,129.1564252,26
4_0_shp,35.2340001,129.1561849,27
4_0_shp,35.2337898,129.1559703,28
4_0_shp,35.2335532,129.1556055,29
4_0_shp,35.2330537,129.1547579,30
4_0_shp,35.2325216,129.1539359,31
4_0_shp,35.2320907,129.1531518,32
4_0_shp,35.2315956,129.1522966,33
4_0_shp,35.2314286,129.1519808,34
4_0_shp,35.2310404,129.1512567,35
4_0_shp,35.2308891,129.1509921,36
4_0_shp,35.2305383,129.150434,37
4_0_shp,35.2304478,129.1502806,38
4_0_shp,35.2303175,129.1499547,39
4_0_shp,35.2298574,129.1484281,40
4_0_shp,35.2296914,129.1480469,41
4_0_shp,35.229495,129.14769,42
4_0_shp,35.2292848,129.1474105,43
4_0_shp,35.2290415,129.1472044,44
4_0_shp,35.228783,129.1470685,45
4_0_shp,35.2285301,129.1469582,46
4_0_shp,35.2267066,129.1463329,47
4_0_shp,35.2256484,129.1460921,48
4_0_shp,35.2251097,129.1459968,49
4_0_shp,35.2239177,129.1458251,50
4_0_shp,35.2230676,129.1456749,51
4_0_shp,35.2226771,129.1455633,52
4_0_shp,35.2222875,129.1453992,53
4_0_shp,35.2220387,129.1451948,54
4_0_shp,35.2217961,129.144933,55
4_0_shp,35.221415,129.1443295,56
4_0_shp,35.2212182,129.1440441,57
4_0_shp,35.2210079,129.1437974,58
4_0_shp,35.2207011,129.143572,59
4_0_shp,35.2203457,129.1433746,60
4_0_shp,35.2199561,129.1431858,61
4_0_shp,35.2196357,129.1429777,62
4_0_shp,35.2193991,129.1427953,63
4_0_shp,35.2191497,129.1425528,64
4_0_shp,35.2189345,129.1423018,65
4_0_shp,35.2187592,129.1420335,66
4_0_shp,35.2185927,129.1417117,67
4_0_shp,35.2184525,129.1413791,68
4_0_shp,35.2183561,129.1410465,69
4_0_shp,35.2182947,129.140671,70
4_0_shp,35.2182509,129.1403276,71
4_0_shp,35.2182425,129.1399092,72
4_0_shp,35.2182075,129.1388363,73
4_0_shp,35.2182201,129.1382518,74
4_0_shp,35.2180644,129.1368574,75
4_0_shp,35.2179947,129.1362331,76
4_0_shp,35.2179996,129.1356528,77
4_0_shp,35.2178943,129.1346827,78
4_0_shp,35.2178793,129.134039,79
4_0_shp,35.2179269,129.1334595,80
4_0_shp,35.2180672,129.1326811,81
4_0_shp,35.2183652,129.1309766,82
4_0_shp,35.2185055,129.1302533,83
4_0_shp,35.2185581,129.1298885,84
4_0_shp,35.2185581,129.1294808,85
4_0_shp,35.2184529,129.1288371,86
4_0_shp,35.21819,129.1272707,87
4_0_shp,35.2179752,129.1253008,88
4_0_shp,35.2177692,129.1238374,89
4_0_shp,35.2177158,129.1235153,90
4_0_shp,35.2176865,129.1232519,91
4_0_shp,35.2175545,129.1223182,92
4_0_shp,35.2172433,129.1204042,93
4_0_shp,35.2170636,129.1191639,94
4_0_shp,35.2168182,129.1182198,95
4_0_shp,35.2163098,129.1166105,96
4_0_shp,35.2157922,129.1152377,97
4_0_shp,35.2156261,129.1147008,98
4_0_shp,35.2152931,129.1137352,99
4_0_shp,35.2147847,129.1121687,100
4_0_shp,35.2146496,129.1115855,101
4_0_shp,35.2145466,129.1110406,102
4_0_shp,35.2143296,129.1098524,103
4_0_shp,35.2140915,129.108638,104
4_0_shp,35.2139476,129.1084094,105
4_0_shp,35.2136456,129.1080838,106
4_0_shp,35.2130228,129.1075237,107
4_0_shp,35.2117737,129.1064138,108
4_0_shp,35.2107596,129.1055263,109
4_0_shp,35.2102695,129.1050592,110
4_0_shp,35.2100091,129.1045585,111
4_0_shp,35.2098033,129.1040757,112
4_0_shp,35.2095889,129.1037481,113
4_0_shp,35.2092584,129.1035181,114
4_0_shp,35.2086558,129.1034732,115
4_0_shp,35.2079701,129.1034807,116
4_0_shp,35.2072872,129.1033767,117
4_0_shp,35.2068365,129.1030661,118
4_0_shp,35.2064154,129.1025352,119
4_0_shp,35.2060409,129.1021476,120
4_0_shp,35.2053788,129.1017618,121
4_0_shp,35.2047691,129.1013605,122
4_0_shp,35.2039012,129.1008133,123
4_0_shp,35.2036558,129.1005773,124
4_0_shp,35.2034278,129.1002662,125
4_0_shp,35.2029632,129.0996868,126
4_0_shp,35.202481,129.0991826,127
4_0_shp,35.2021352,129.0988328,128
4_0_shp,35.2020568,129.0987905,129
4_0_shp,35.201241,129.09835,130
4_0_shp,35.2010874,129.0982709,131
4_0_shp,35.1997237,129.0975688,132
4_0_shp,35.1992371,129.0972344,133
4_0_shp,35.1989719,129.0970469,134
4_0_shp,35.1988164,129.0968651,135
4_0_shp,35.1987038,129.0966586,136
4_0_shp,35.1985991,129.0964531,137
4_0_shp,35.1985306,129.0960723,138
4_0_shp,35.1985442,129.0957171,139
4_0_shp,35.1986213,129.0954803,140
4_0_shp,35.1986958,129.0952176,141
4_0_shp,35.1988073,129.0948762,142
4_0_shp,35.1991531,129.0938009,143
4_0_shp,35.1993941,129.0931341,144
4_0_shp,35.1998091,129.0920325,145
4_0_shp,35.2001883,129.0908233,146
4_0_shp,35.20042,129.0902244,147
4_0_shp,35.2006028,129.0896495,148
4_0_shp,35.2006886,129.0893748,149
4_0_shp,35.2007738,129.0889972,150
4_0_shp,35.2007787,129.0889784,151
4_0_shp,35.2009557,129.0880189,152
4_0_shp,35.2011816,129.0867612,153
4_0_shp,35.2014904,129.0850936,154
4_0_shp,35.2016062,129.0844214,155
4_0_shp,35.2017248,129.0838787,156
4_0_shp,35.2018116,129.0836791,157
4_0_shp,35.2019286,129.0834101,158
4_0_shp,35.2020588,129.0831122,159
4_0_shp,35.2023292,129.0826193,160
4_0_shp,35.2030962,129.081145,161
4_0_shp,35.2037367,129.0795868,162
4_0_shp,35.2042718,129.0783285,163
4_0_shp,35.2045114,129.0777953,164
4_0_shp,35.2047222,129.0772975,165
4_0_shp,35.2067287,129.0725273,166
4_0_shp,35.2070248,129.071818,167
4_0_shp,35.2074215,129.0709041,168
4_0_shp,35.207696,129.0703057,169
4_0_shp,35.2077239,129.0701366,170
4_0_shp,35.207736,129.0699998,171
4_0_shp,35.2077239,129.0698804,172
4_0_shp,35.2076998,129.0697731,173
4_0_shp,35.2076582,129.0696618,174
4_0_shp,35.2076001,129.0695639,175
4_0_shp,35.207542,129.0694835,176
4_0_shp,35.2074125,129.0693662,177
4_0_shp,35.2071704,129.0692123,178
4_0_shp,35.2068335,129.068999,179
4_0_shp,35.2065213,129.068789,180
